6
0
106
105
7
0
105
104
8
0
106
105
9
0
107
105
10
0
106
105
11
0
108
106
12
0
108
107
13
0
106
106
14
0
107
106
15
0
106
105
16
0
106
105
17
0
107
106
18
0
108
106
19
0
106
105
20
0
107
106
21
0
106
105
22
0
108
106
23
0
107
106
24
0
107
106
25
0
107
106
26
0
107
106
27
0
108
107
28
0
107
106
29
0
106
105
30
0
106
105
31
0
107
106
32
0
108
106
33
0
107
106
34
0
107
106
35
0
108
107
36
0
108
107
37
0
106
106
38
0
106
105
39
0
106
105
40
0
107
106
41
0
108
106
42
0
106
105
43
0
107
106
44
0
107
106
45
0
104
104
46
0
107
105
47
0
107
106
48
0
106
105
49
0
108
106
50
0
108
107
51
0
106
106
52
0
106
105
53
0
106
105
54
0
108
106
55
0
106
105
56
0
108
106
57
0
104
104
58
0
106
105
59
0
105
104
60
0
107
105
61
0
107
106
62
0
107
106
63
0
108
107
64
0
108
107
65
0
108
107
66
0
106
106
67
0
108
106
68
0
107
106
69
0
106
105
70
0
108
106
71
0
106
105
72
0
106
105
73
0
107
106
74
0
106
105
75
0
106
105
76
0
106
105
77
0
108
106
78
0
108
107
79
0
107
106
80
0
107
106
81
0
107
106
82
0
107
106
83
0
106
105
84
0
107
106
85
0
106
105
86
0
106
105
87
0
107
106
88
0
107
106
89
0
107
106
90
0
108
107
91
0
108
107
92
0
107
106
93
0
107
106
94
0
105
105
95
0
107
105
96
0
108
106
97
0
105
105
98
0
106
105
100
0
65
78
101
0
107
96
107
0
104
101
108
0
79
86
109
0
88
87
110
0
102
96
111
0
87
90
112
0
66
74
114
0
84
80
115
0
105
95
118
0
87
89
119
0
89
88
121
0
93
91
122
0
83
85
123
0
82
83
125
0
83
82
126
0
81
81
127
0
90
86
128
0
86
85
129
0
87
86
130
0
96
92
131
0
88
89
132
0
95
92
152
0
82
85
153
0
99
93
162
0
98
96
163
0
101
98
164
0
101
99
168
0
84
89
169
0
107
100
170
0
106
103
171
0
105
104
172
0
107
105
173
0
105
104
174
0
105
104
175
0
106
105
176
0
105
104
177
0
106
105
178
0
105
104
179
0
107
105
180
0
105
104
181
0
107
105
182
0
107
106
183
0
105
105
185
0
100
101
186
0
107
104
188
0
74
84
193
0
73
76
198
0
95
88
199
0
91
89
200
0
100
96
201
0
102
99
202
0
100
99
203
0
99
98
204
0
88
91
205
0
95
93
206
0
102
98
207
0
70
79
208
0
101
93
209
0
80
84
210
0
102
95
211
0
79
84
222
0
106
98
223
0
94
95
226
0
101
98
227
0
83
88
228
0
94
91
229
0
94
92
230
0
92
91
231
0
104
99
232
0
103
101
233
0
103
102
235
0
92
95
238
0
87
89
239
0
94
92
243
0
66
74
244
0
82
79
245
0
72
74
246
0
78
76
249
0
76
75
250
0
85
81
252
0
82
81
253
0
80
80
254
0
81
80
255
0
80
79
0
1
72
74
5
1
71
72
8
1
96
87
9
1
91
89
11
1
93
91
13
1
81
84
14
1
77
79
15
1
98
91
16
1
85
86
17
1
94
91
18
1
85
86
20
1
85
85
21
1
92
89
22
1
89
88
23
1
86
86
24
1
88
87
25
1
80
82
26
1
83
82
27
1
85
83
29
1
76
78
30
1
94
88
31
1
98
94
32
1
100
97
33
1
94
94
34
1
90
91
35
1
100
96
36
1
106
102
37
1
100
100
38
1
104
102
39
1
104
103
40
1
104
103
41
1
103
102
42
1
102
101
43
1
102
101
44
1
104
102
45
1
102
101
46
1
104
102
47
1
104
103
48
1
105
103
49
1
100
101
50
1
102
101
51
1
105
103
52
1
106
104
53
1
100
101
54
1
103
102
55
1
106
104
57
1
104
103
58
1
106
104
59
1
104
103
60
1
105
104
61
1
106
104
62
1
104
103
63
1
98
99
64
1
103
101
65
1
103
102
66
1
105
103
67
1
99
100
68
1
102
101
70
1
105
103
71
1
104
103
72
1
93
96
74
1
103
100
78
1
86
90
92
1
71
77
108
1
84
81
109
1
77
78
114
1
77
77
115
1
86
82
116
1
89
86
117
1
88
87
118
1
71
76
120
1
73
73
121
1
81
78
122
1
88
84
123
1
84
83
124
1
81
81
131
1
84
82
132
1
90
87
163
1
85
85
166
1
84
84
167
1
94
90
168
1
95
93
169
1
84
86
170
1
95
91
171
1
103
98
172
1
102
100
173
1
96
97
175
1
96
96
176
1
83
87
177
1
100
95
178
1
93
93
179
1
101
97
180
1
80
86
181
1
96
92
182
1
97
94
183
1
81
85
184
1
92
89
185
1
94
92
186
1
94
93
187
1
93
92
188
1
73
79
189
1
82
80
192
1
67
71
194
1
85
80
195
1
91
86
196
1
87
86
198
1
85
85
200
1
77
79
201
1
72
74
202
1
84
80
204
1
81
80
205
1
95
89
206
1
100
95
207
1
96
95
208
1
85
88
209
1
99
94
210
1
90
91
211
1
96
94
212
1
101
98
213
1
73
81
214
1
97
91
217
1
73
79
227
1
76
76
233
1
69
71
240
1
85
79
241
1
76
77
242
1
69
71
249
1
62
65
9
2
77
72
13
2
77
75
14
2
76
75
15
2
78
76
17
2
79
78
18
2
82
80
19
2
80
79
21
2
73
75
22
2
86
81
23
2
78
79
24
2
81
80
26
2
78
78
30
2
69
72
33
2
74
73
39
2
57
62
52
2
88
78
53
2
78
78
55
2
72
73
60
2
89
83
66
2
68
73
67
2
76
74
70
2
70
71
74
2
96
87
77
2
79
81
78
2
67
71
79
2
84
79
83
2
86
83
84
2
87
85
86
2
75
78
87
2
90
85
88
2
93
90
89
2
77
81
94
2
88
85
95
2
85
84
96
2
69
74
97
2
85
80
99
2
88
85
100
2
62
69
101
2
94
85
104
2
91
88
106
2
87
87
108
2
87
86
109
2
73
77
111
2
88
84
112
2
78
79
113
2
88
84
115
2
81
82
133
2
65
70
140
2
74
72
146
2
70
70
147
2
73
71
150
2
67
68
157
2
81
76
158
2
87
82
159
2
80
80
169
2
80
80
172
2
80
79
175
2
75
76
181
2
63
67
185
2
84
77
188
2
78
77
191
2
77
77
193
2
82
79
197
2
67
71
198
2
74
72
201
2
88
82
216
2
86
84
218
2
86
85
225
2
74
77
228
2
73
74
243
2
83
79
248
2
74
75
252
2
63
67
2
3
75
72
6
3
70
70
9
3
72
71
12
3
71
70
14
3
76
73
31
3
71
71
32
3
75
73
33
3
84
80
37
3
72
74
40
3
64
67
42
3
91
82
43
3
74
76
44
3
77
76
45
3
93
86
47
3
59
68
49
3
83
77
50
3
73
74
53
3
89
83
55
3
83
82
56
3
85
83
57
3
81
81
58
3
89
86
60
3
72
76
62
3
82
79
63
3
86
83
65
3
81
81
67
3
80
80
68
3
78
78
69
3
89
85
70
3
81
82
71
3
76
77
73
3
79
78
79
3
82
80
80
3
81
80
81
3
76
77
93
3
67
70
95
3
88
81
99
3
81
80
100
3
72
74
101
3
86
81
102
3
72
75
104
3
80
78
105
3
87
83
107
3
81
81
113
3
74
76
114
3
87
82
116
3
83
82
118
3
78
79
120
3
80
79
121
3
78
78
122
3
74
75
123
3
73
73
124
3
68
69
125
3
71
70
126
3
81
76
128
3
82
79
130
3
72
74
136
3
82
79
137
3
73
74
138
3
80
77
140
3
70
72
143
3
92
84
144
3
82
82
145
3
87
85
146
3
81
82
149
3
80
80
162
3
68
72
171
3
74
73
172
3
66
68
177
3
82
76
185
3
73
74
187
3
85
80
189
3
74
76
190
3
85
81
191
3
73
75
192
3
87
82
193
3
62
69
195
3
76
73
197
3
73
72
199
3
73
72
200
3
86
81
201
3
78
78
202
3
78
78
204
3
72
73
206
3
68
69
207
3
69
69
208
3
72
70
209
3
76
73
212
3
65
67
223
3
74
71
227
3
67
68
246
3
69
68
24
4
62
64
38
4
75
70
45
4
76
73
51
4
75
74
52
4
79
77
55
4
80
78
57
4
80
79
60
4
75
76
64
4
88
83
66
4
78
79
67
4
83
81
68
4
85
83
69
4
92
88
70
4
93
91
71
4
87
88
72
4
81
83
73
4
80
80
74
4
81
80
75
4
80
79
78
4
79
79
79
4
97
90
80
4
86
87
81
4
96
92
82
4
69
77
87
4
77
76
88
4
74
74
90
4
73
73
91
4
72
72
92
4
91
84
93
4
70
74
95
4
78
76
99
4
59
65
102
4
79
73
103
4
85
80
104
4
83
81
105
4
92
88
106
4
82
83
107
4
95
90
108
4
76
80
109
4
81
80
110
4
87
84
111
4
82
82
112
4
91
87
113
4
86
86
114
4
82
83
116
4
88
86
117
4
86
85
120
4
79
81
122
4
74
76
123
4
100
91
124
4
86
87
126
4
88
87
127
4
92
90
128
4
75
80
129
4
99
92
130
4
87
88
133
4
96
93
135
4
92
92
140
4
93
92
141
4
92
91
142
4
91
90
144
4
60
70
145
4
107
93
146
4
107
101
147
4
106
104
148
4
107
105
149
4
107
106
150
4
108
107
151
4
106
105
152
4
107
106
153
4
107
106
154
4
106
105
155
4
106
105
156
4
106
105
157
4
106
105
158
4
107
106
159
4
107
106
160
4
107
106
161
4
107
106
162
4
107
106
163
4
107
106
164
4
108
107
165
4
106
105
166
4
106
105
167
4
107
106
168
4
106
105
169
4
106
105
170
4
108
106
171
4
106
105
172
4
106
105
173
4
107
106
174
4
107
106
175
4
107
106
176
4
106
105
177
4
106
105
178
4
108
106
179
4
108
107
180
4
107
106
181
4
106
105
182
4
108
106
183
4
107
106
184
4
107
106
185
4
106
105
186
4
108
106
187
4
107
106
188
4
108
107
189
4
106
105
190
4
106
105
191
4
108
106
192
4
107
106
193
4
107
106
194
4
108
107
195
4
106
105
196
4
107
106
197
4
108
106
198
4
107
106
199
4
107
106
200
4
106
105
201
4
107
106
202
4
108
106
203
4
107
106
204
4
108
107
205
4
108
107
206
4
108
107
207
4
108
107
208
4
105
105
209
4
108
106
210
4
108
107
211
4
107
106
212
4
106
105
213
4
106
105
214
4
106
105
215
4
108
106
216
4
107
106
217
4
108
107
218
4
106
105
219
4
108
106
220
4
107
106
221
4
107
106
222
4
108
107
223
4
107
106
224
4
107
106
225
4
108
107
226
4
106
105
227
4
107
106
228
4
107
106
229
4
108
107
230
4
106
105
231
4
108
106
232
4
108
107
233
4
108
107
234
4
107
106
235
4
108
107
236
4
106
106
237
4
106
105
238
4
107
106
239
4
108
106
240
4
107
106
241
4
107
106
242
4
107
106
243
4
107
106
244
4
104
104
245
4
100
101
246
4
107
104
247
4
105
104
248
4
106
105
249
4
107
105
250
4
106
105
251
4
106
105
253
4
106
105
254
4
108
106
255
4
106
105
0
5
107
106
1
5
108
106
2
5
108
107
3
5
108
107
4
5
106
106
5
5
108
106
6
5
107
106
7
5
108
107
8
5
108
107