6
0
116
93
7
0
114
91
8
0
112
90
9
0
111
88
10
0
110
87
11
0
109
87
12
0
108
86
13
0
107
86
14
0
107
85
15
0
106
85
16
0
106
84
17
0
105
84
18
0
105
84
19
0
105
84
20
0
104
83
21
0
104
83
22
0
104
83
24
0
100
80
25
0
100
79
26
0
100
79
27
0
100
79
28
0
100
79
29
0
100
79
30
0
100
79
31
0
100
79
32
0
100
79
33
0
100
79
34
0
100
79
35
0
100
79
36
0
100
79
37
0
100
79
38
0
100
79
39
0
100
79
40
0
100
79
41
0
100
79
42
0
100
79
43
0
100
79
44
0
100
79
45
0
100
79
46
0
100
79
47
0
100
79
48
0
100
79
49
0
100
79
50
0
100
79
51
0
100
79
52
0
100
79
53
0
100
79
54
0
100
79
56
0
98
78
57
0
98
78
58
0
98
78
59
0
98
78
60
0
98
78
61
0
98
78
62
0
98
78
63
0
98
78
64
0
98
78
67
0
95
76
89
0
73
61
97
0
68
55
100
0
67
53
103
0
66
52
105
0
65
52
107
0
65
52
109
0
65
52
125
0
57
47
126
0
57
46
127
0
58
46
129
0
58
46
131
0
58
46
134
0
57
45
135
0
57
46
136
0
58
46
139
0
57
45
140
0
57
46
141
0
58
46
142
0
58
46
143
0
58
46
144
0
59
47
145
0
59
47
146
0
59
47
147
0
59
47
148
0
60
47
149
0
60
48
150
0
60
48
151
0
60
48
153
0
60
48
154
0
61
48
155
0
61
48
156
0
61
49
159
0
61
48
170
0
57
46
172
0
57
46
188
0
53
43
189
0
53
42
192
0
53
42
198
0
52
41
201
0
51
41
208
0
50
40
210
0
50
40
221
0
48
38
223
0
48
38
226
0
48
38
227
0
48
38
228
0
48
38
229
0
48
38
230
0
49
39
231
0
49
39
232
0
49
39
233
0
49
39
234
0
50
39
235
0
50
40
236
0
50
40
237
0
50
40
238
0
50
40
239
0
51
40
240
0
51
40
241
0
51
41
242
0
51
41
243
0
51
41
244
0
52
41
245
0
52
41
246
0
52
41
247
0
52
41
248
0
52
42
249
0
53
42
250
0
53
42
251
0
53
42
252
0
53
42
253
0
53
42
254
0
53
43
255
0
54
43
0
1
54
43
1
1
54
43
2
1
54
43
3
1
54
43
4
1
55
43
5
1
55
43
6
1
55
44
7
1
55
44
8
1
55
44
10
1
55
44
12
1
55
44
14
1
55
44
15
1
55
44
16
1
55
44
17
1
56
44
18
1
56
44
19
1
56
44
20
1
56
45
21
1
56
45
22
1
56
45
23
1
56
45
24
1
57
45
25
1
57
45
26
1
57
45
28
1
57
45
29
1
57
45
30
1
57
46
31
1
57
46
32
1
57
46
36
1
57
45
37
1
57
46
38
1
57
46
39
1
57
46
40
1
58
46
41
1
58
46
42
1
58
46
43
1
58
46
44
1
58
46
45
1
58
46
46
1
58
47
47
1
59
47
48
1
59
47
49
1
59
47
50
1
59
47
51
1
59
47
52
1
59
47
53
1
59
47
55
1
59
47
56
1
59
47
57
1
60
47
60
1
59
47
61
1
59
47
62
1
60
47
63
1
60
48
64
1
60
48
65
1
60
48
66
1
60
48
67
1
60
48
68
1
60
48
69
1
60
48
70
1
61
48
71
1
61
48
72
1
61
48
73
1
61
48
74
1
61
49
75
1
61
49
76
1
61
49
77
1
61
49
78
1
61
49
79
1
62
49
80
1
62
49
85
1
61
49
86
1
61
49
88
1
61
49
89
1
61
49
90
1
61
49
92
1
61
49
93
1
61
49
94
1
62
49
95
1
62
49
96
1
62
49
97
1
62
49
98
1
62
49
99
1
62
49
100
1
62
49
101
1
62
50
102
1
62
50
103
1
62
50
104
1
63
50
105
1
63
50
106
1
63
50
107
1
63
50
108
1
63
50
109
1
63
50
110
1
63
50
111
1
63
50
112
1
63
50
113
1
63
51
114
1
64
51
115
1
64
51
116
1
64
51
117
1
64
51
119
1
64
51
120
1
64
51
121
1
64
51
122
1
64
51
123
1
64
51
124
1
64
51
125
1
64
51
126
1
64
51
127
1
65
51
128
1
65
51
129
1
65
52
130
1
65
52
131
1
65
52
132
1
65
52
133
1
65
52
134
1
65
52
135
1
65
52
136
1
65
52
137
1
65
52
141
1
65
52
142
1
65
52
143
1
65
52
145
1
65
52
146
1
65
52
147
1
65
52
148
1
65
52
149
1
65
52
150
1
66
52
151
1
66
52
152
1
66
52
153
1
66
52
154
1
66
52
155
1
66
52
157
1
66
52
158
1
66
52
159
1
66
53
161
1
66
53
162
1
66
53
163
1
66
53
164
1
66
53
165
1
66
53
167
1
66
53
168
1
66
53
169
1
66
53
173
1
66
53
177
1
66
52
181
1
65
52
198
1
63
50
199
1
63
50
201
1
63
50
209
1
62
50
211
1
62
49
217
1
61
49
219
1
61
49
223
1
61
49
227
1
61
48
231
1
60
48
234
1
60
48
237
1
60
48
240
1
60
48
241
1
60
48
243
1
60
48
244
1
60
48
246
1
60
48
249
1
60
48
251
1
60
48
253
1
60
48
254
1
60
48
1
2
60
48
2
2
60
48
4
2
60
48
10
2
59
47
11
2
59
47
14
2
59
47
15
2
59
47
16
2
59
47
18
2
59
47
22
2
59
47
24
2
59
47
26
2
59
47
27
2
59
47
29
2
59
47
34
2
59
47
35
2
59
47
39
2
58
47
40
2
59
47
41
2
59
47
42
2
59
47
43
2
59
47
48
2
58
47
50
2
58
47
52
2
58
46
55
2
58
46
57
2
58
46
59
2
58
46
63
2
58
46
65
2
58
46
66
2
58
46
70
2
58
46
71
2
58
46
72
2
58
46
74
2
58
46
75
2
58
46
77
2
58
46
78
2
58
46
79
2
58
46
80
2
58
46
83
2
58
46
86
2
58
46
87
2
58
46
89
2
58
46
90
2
58
46
91
2
58
46
95
2
58
46
96
2
58
46
98
2
58
46
99
2
58
46
100
2
58
46
102
2
58
46
104
2
58
46
105
2
58
46
106
2
58
46
107
2
58
46
108
2
58
46
109
2
58
46
111
2
58
46
114
2
58
46
115
2
58
46
119
2
58
46
120
2
58
46
131
2
57
46
136
2
57
45
137
2
57
45
138
2
57
45
142
2
57
45
143
2
57
45
144
2
57
45
146
2
57
45
148
2
57
45
151
2
57
45
153
2
57
45
154
2
57
45
159
2
57
45
161
2
57
45
168
2
56
45
173
2
56
45
176
2
56
44
179
2
56
44
183
2
55
44
184
2
56
44
186
2
56
44
188
2
55
44
194
2
55
44
196
2
55
44
199
2
55
44
203
2
55
44
209
2
55
43
211
2
55
43
213
2
55
43
214
2
55
43
215
2
55
44
220
2
54
43
222
2
54
43
224
2
54
43
225
2
54
43
226
2
55
43
232
2
54
43
233
2
54
43
243
2
54
43
248
2
53
43
251
2
53
43
252
2
53
43
253
2
53
43
5
3
53
42
17
3
52
42
18
3
52
42
24
3
52
42
25
3
52
42
28
3
52
42
29
3
52
42
36
3
52
41
38
3
52
41
44
3
52
41
45
3
52
41
46
3
52
41
55
3
51
41
57
3
51
41
59
3
51
41
60
3
51
41
76
3
50
40
84
3
50
40
87
3
50
40
89
3
50
40
90
3
50
40
91
3
50
40
93
3
50
40
94
3
50
40
96
3
50
40
97
3
50
40
98
3
50
40
99
3
50
40
100
3
50
40
101
3
50
40
103
3
50
40
104
3
51
40
106
3
51
40
109
3
50
40
114
3
50
40
118
3
50
40
121
3
50
40
122
3
50
40
123
3
50
40
126
3
50
40
128
3
50
40
131
3
50
40
137
3
50
40
138
3
50
40
141
3
50
40
145
3
50
40
146
3
50
40
156
3
49
39
161
3
49
39
162
3
49
39
163
3
49
39
165
3
49
39
168
3
49
39
169
3
49
39
174
3
49
39
175
3
49
39
179
3
49
39
183
3
49
39
186
3
49
39
191
3
49
39
193
3
49
39
194
3
49
39
196
3
49
39
198
3
49
39
203
3
49
39
204
3
49
39
205
3
49
39
206
3
49
39
207
3
49
39
208
3
49
39
211
3
49
39
212
3
49
39
215
3
49
39
219
3
49
39
227
3
49
39
228
3
49
39
231
3
49
39
237
3
48
39
238
3
48
39
239
3
48
39
243
3
48
39
252
3
48
38
14
4
47
38
25
4
47
37
27
4
47
37
30
4
47
37
31
4
47
37
38
4
47
37
41
4
47
37
46
4
47
37
48
4
47
37
50
4
47
37
51
4
47
37
53
4
47
37
56
4
47
37
60
4
46
37
71
4
46
37
76
4
46
37
78
4
46
37
82
4
46
37
90
4
46
36
93
4
46
36
94
4
46
36
96
4
46
36
99
4
46
36
102
4
46
36
107
4
45
36
112
4
45
36
119
4
45
36
120
4
45
36
122
4
45
36
129
4
45
36
132
4
45
36
133
4
45
36
137
4
45
36
144
4
45
36
147
4
45
36
148
4
45
36
149
4
45
36
153
4
45
36
156
4
45
36
157
4
45
36
159
4
45
36
160
4
45
36
161
4
45
36
162
4
45
36
164
4
45
36
166
4
45
36
170
4
45
36
171
4
45
36
172
4
45
36
173
4
45
36
174
4
45
36
177
4
45
36
178
4
45
36
179
4
45
36
181
4
45
36
182
4
45
36
183
4
45
36
186
4
45
36
193
4
45
36
200
4
45
36
208
4
45
36
210
4
45
36
211
4
45
36
216
4
45
35
217
4
45
36
221
4
45
35
224
4
45
35
225
4
45
35
226
4
45
35
227
4
45
36
228
4
45
36
231
4
45
36
232
4
45
36
233
4
45
36
240
4
45
36
249
4
44
35
252
4
44
35
254
4
44
35
255
4
44
35
0
5
44
35
5
5
44
35
6
5
44
35
9
5
44
35
14
5
44
35
17
5
44
35
18
5
44
35
24
5
44
35
27
5
44
35
32
5
44
35
33
5
44
35
35
5
44
35
43
5
44
35
45
5
44
35
49
5
44
35
53
5
44
35
54
5
44
35
55
5
44
35
56
5
44
35
57
5
44
35
59
5
44
35
60
5
44
35
63
5
44
35
64
5
44
35
69
5
44
35
73
5
44
35
75
5
44
35
80
5
44
35
83
5
44
35
89
5
44
35
97
5
43
35
99
5
43
35
101
5
43
35
104
5
43
35
105
5
43
35
107
5
43
35
108
5
44
35
110
5
44
35
111
5
44
35
114
5
44
35
120
5
43
35
121
5
43
35
125
5
43
35
126
5
43
35
127
5
43
35
128
5
44
35
129
5
44
35
131
5
44
35
132
5
44
35
134
5
44
35
144
5
43
35
147
5
43
35
151
5
43
34
152
5
43
34
153
5
43
35
154
5
43
35
155
5
43
35
156
5
44
35
167
5
43
34
169
5
43
34
172
5
43
34
181
5
43
34
186
5
43
34
187
5
43
34
205
5
43
34
218
5
42
34
224
5
42
34
249
5
41
33
114
6
38
31
134
6
38
30
140
6
38
30
146
6
38
30
149
6
38
30
159
6
38
30
170
6
38
30
172
6
38
30
175
6
38
30
184
6
37
30
185
6
37
30
191
6
37
30
192
6
37
30
194
6
37
30
199
6
37
30
210
6
37
30
212
6
37
30
214
6
37
30
215
6
37
30
216
6
37
30
217
6
37
30
220
6
37
30
223
6
37
30
224
6
37
30
227
6
37
30
228
6
37
30
229
6
37
30
230
6
37
30
232
6
37
30
234
6
37
30
237
6
37
30
238
6
37
30
239
6
38
30
241
6
38
30
242
6
38
30
243
6
38
30
244
6
38
30
245
6
38
30
246
6
38
30
247
6
38
30
248
6
38
30
252
6
38
30
2
7
38
30
7
7
38
30
11
7
38
30
12
7
38
30
14
7
38
30
16
7
38
30
17
7
38
30
18
7
38
30
19
7
38
30
20
7
38
30
30
7
38
30
33
7
38
30
35
7
38
30
38
7
38
30
39
7
38
30
40
7
38
30
54
7
37
30
56
7
37
30
59
7
37
30
60
7
38
30
61
7
38
30
62
7
38
30
63
7
38
30
64
7
38
30
65
7
38
30
66
7
38
30
67
7
38
30
68
7
38
30
69
7
38
30
70
7
38
30
71
7
38
30
72
7
38
30
73
7
38
30
74
7
38
30
75
7
38
30
76
7
38
30
77
7
38
30
78
7
38
30
79
7
38
30
80
7
38
30
81
7
38
30
82
7
38
30
83
7
38
30
84
7
38
30
85
7
38
30
86
7
38
31
87
7
38
31
88
7
38
31
89
7
38
31
90
7
39
31
91
7
39
31
92
7
39
31
93
7
39
31
94
7
39
31
95
7
39
31
96
7
39
31
97
7
39
31
98
7
39
31
99
7
39
31
100
7
39
31
101
7
39
31
102
7
39
31
103
7
39
31
104
7
39
31
105
7
39
31
106
7
39
31
107
7
39
31
108
7
39
31
109
7
39
31
110
7
39
31
111
7
39
31
112
7
39
31
113
7
39
31
114
7
39
31
115
7
39
31
116
7
39
31
117
7
39
31
118
7
39
31
119
7
39
31
120
7
39
31
121
7
39
31
122
7
40
31
123
7
40
31
124
7
40
31
125
7
40
32
126
7
40
32
127
7
40
32
128
7
40
32
129
7
40
32
130
7
40
32
131
7
40
32
132
7
40
32
133
7
40
32
134
7
40
32
135
7
40
32
136
7
40
32
137
7
40
32
138
7
40
32
139
7
40
32
140
7
40
32
141
7
40
32
142
7
40
32
143
7
40
32
144
7
40
32
145
7
40
32
146
7
40
32
147
7
40
32
148
7
40
32
149
7
40
32
150
7
40
32
151
7
40
32
152
7
40
32
153
7
40
32
154
7
41
32
155
7
41
32
156
7
41
32
157
7
41
32
158
7
41
32
159
7
41
32
160
7
41
32
161
7
41
32
162
7
41
32
163
7
41
32
164
7
41
32
165
7
41
32
166
7
41
33
167
7
41
33
168
7
41
33
169
7
41
33
170
7
41
33
171
7
41
33
172
7
41
33
173
7
41
33
174
7
41
33
175
7
41
33
176
7
41
33
177
7
41
33
178
7
41
33
179
7
41
33
180
7
41
33
181
7
41
33
182
7
41
33
183
7
41
33
184
7
41
33
185
7
41
33
186
7
41
33
187
7
41
33
188
7
42
33
189
7
42
33
190
7
42
33
191
7
42
33
192
7
42
33
193
7
42
33
194
7
42
33
195
7
42
33
196
7
42
33
197
7
42
33
198
7
42
33
199
7
42
33
200
7
42
33
201
7
42
33
202
7
42
33
203
7
42
33
204
7
42
33
205
7
42
33
206
7
42
33
207
7
42
33
208
7
42
33
209
7
42
34
210
7
42
34
211
7
42
34
212
7
42
34
213
7
42
34
214
7
42
34
215
7
42
34
216
7
42
34
217
7
42
34
218
7
42
34
219
7
42
34
220
7
42
34
221
7
42
34
222
7
42
34
223
7
43
34
224
7
43
34
225
7
43
34
226
7
43
34
227
7
43
34
228
7
43
34
229
7
43
34
230
7
43
34
231
7
43
34
232
7
43
34
233
7
43
34
234
7
43
34
235
7
43
34
236
7
43
34
237
7
43
34
238
7
43
34
239
7
43
34
240
7
43
34
241
7
43
34
242
7
43
34
243
7
43
34
244
7
43
34
245
7
43
34
246
7
43
34
247
7
43
34
248
7
43
34
249
7
43
34
250
7
43
34
251
7
43
34
252
7
43
34
253
7
43
34
254
7
43
35
255
7
43
35
0
8
43
35
1
8
43
35
2
8
43
35
3
8
44
35
4
8
44
35
5
8
44
35
6
8
44
35
7
8
44
35
8
8
44
35
9
8
44
35
10
8
44
35
11
8
44
35
12
8
44
35
13
8
44
35
14
8
44
35
15
8
44
35
16
8
44
35
17
8
44
35
18
8
44
35
19
8
44
35
20
8
44
35
21
8
44
35
22
8
44
35
23
8
44
35
24
8
44
35
25
8
44
35
26
8
44
35
27
8
44
35
28
8
44
35
29
8
44
35
30
8
44
35
31
8
44
35
32
8
44
35
33
8
44
35
34
8
44
35
35
8
44
35
36
8
44
35
37
8
44
35
38
8
44
35
39
8
44
35
40
8
45
35
41
8
45
35
42
8
45
35
43
8
45
35
44
8
45
36
45
8
45
36
46
8
45
36
47
8
45
36
48
8
45
36
49
8
45
36
50
8
45
36
51
8
45
36
52
8
45
36
53
8
45
36
54
8
45
36
55
8
45
36
56
8
45
36
57
8
45
36
58
8
45
36
59
8
45
36
60
8
45
36
61
8
45
36
62
8
45
36
63
8
45
36
64
8
45
36
65
8
45
36
66
8
45
36
67
8
45
36
68
8
45
36
69
8
45
36
70
8
45
36
71
8
45
36
72
8
45
36
73
8
45
36
74
8
45
36
75
8
45
36
76
8
45
36
77
8
45
36
78
8
46
36
79
8
46
36
80
8
46
36
81
8
46
36
82
8
46
36
83
8
46
36
84
8
46
36
85
8
46
36
86
8
46
36
87
8
46
36
88
8
46
36
89
8
46
36
91
8
46
36
92
8
46
36
93
8
46
36
94
8
46
36
95
8
46
37
96
8
46
37
97
8
46
37
98
8
46
37
99
8
46
37
100
8
46
37
101
8
46
37
102
8
46
37
103
8
46
37
104
8
46
37
105
8
46
37
106
8
46
37
107
8
46
37
108
8
46
37
109
8
46
37
110
8
46
37
111
8
46
37
112
8
46
37
113
8
46
37
114
8
46
37
115
8
46
37
116
8
46
37
117
8
46
37
118
8
46
37
119
8
46
37
120
8
47
37
121
8
47
37
122
8
47
37
123
8
47
37
124
8
47
37
125
8
47
37
126
8
47
37
127
8
47
37
128
8
47
37
129
8
47
37
130
8
47
37
131
8
47
37
132
8
47
37
133
8
47
37
134
8
47
37
136
8
47
37
137
8
47
37
138
8
47
37
139
8
47
37
140
8
47
37
141
8
47
37
142
8
47
37
143
8
47
37
144
8
47
37
145
8
47
37
146
8
47
37
147
8
47
37
148
8
47
38
149
8
47
38
150
8
47
38
151
8
47
38
152
8
47
38
153
8
47
38
154
8
47
38
155
8
47
38
156
8
47
38
157
8
47
38
158
8
47
38
159
8
47
38
160
8
47
38
161
8
47
38
162
8
47
38
163
8
47
38
164
8
48
38
165
8
48
38
166
8
48
38
167
8
48
38
168
8
48
38
169
8
48
38
170
8
48
38
171
8
48
38
172
8
48
38
173
8
48
38
174
8
48
38
175
8
48
38
176
8
48
38
177
8
48
38
178
8
48
38
179
8
48
38
180
8
48
38
181
8
48
38
182
8
48
38
183
8
48
38
184
8
48
38
185
8
48
38
186
8
48
38
187
8
48
38
188
8
48
38
189
8
48
38
190
8
48
38
191
8
48
38
192
8
48
38
193
8
48
38
194
8
48
38
195
8
48
38
196
8
48
38
197
8
48
38
198
8
48
38
199
8
48
38
200
8
48
38
201
8
48
38
202
8
48
39
203
8
48
39
204
8
48
39
205
8
48
39
206
8
48
39
207
8
49
39
208
8
49
39
209
8
49
39
210
8
49
39
211
8
49
39
212
8
49
39
213
8
49
39
214
8
49
39
215
8
49
39
216
8
49
39
217
8
49
39
218
8
49
39
219
8
49
39
220
8
49
39
221
8
49
39
222
8
49
39
223
8
49
39
224
8
49
39
225
8
49
39
226
8
49
39
227
8
49
39
228
8
49
39
229
8
49
39
230
8
49
39
231
8
49
39
232
8
49
39
233
8
49
39
234
8
49
39
235
8
49
39
236
8
49
39
237
8
49
39
238
8
49
39
239
8
49
39
240
8
49
39
241
8
49
39
242
8
49
39
243
8
49
39
244
8
49
39
245
8
49
39
246
8
49
39
247
8
49
39
248
8
49
39
249
8
49
39
250
8
49
39
251
8
49
39
252
8
49
39
253
8
50
39
254
8
50
39
255
8
50
39
0
9
50
39
1
9
50
39
2
9
50
39
3
9
50
40
4
9
50
40
5
9
50
40
6
9
50
40
7
9
50
40
8
9
50
40
9
9
50
40
10
9
50
40
11
9
50
40
12
9
50
40
13
9
50
40
14
9
50
40
15
9
50
40
16
9
50
40
17
9
50
40
18
9
50
40
19
9
50
40
20
9
50
40
21
9
50
40
22
9
50
40
23
9
50
40
24
9
50
40
25
9
50
40
26
9
50
40
27
9
50
40
28
9
50
40
29
9
50
40
30
9
50
40
31
9
50
40
32
9
50
40
33
9
50
40
34
9
50
40
35
9
50
40
36
9
50
40
37
9
50
40
38
9
50
40
39
9
50
40
40
9
50
40
41
9
50
40
42
9
50
40
43
9
51
40
44
9
51
40
45
9
51
40
46
9
51
40
47
9
51
40
48
9
51
40
49
9
51
40
50
9
51
40
51
9
51
40
52
9
51
40
53
9
51
40
54
9
51
40
55
9
51
40
56
9
51
40
57
9
51
40
58
9
51
40
59
9
51
40
60
9
51
40
61
9
51
40
62
9
51
41
63
9
51
41
64
9
51
41
65
9
51
41
66
9
51
41
67
9
51
41
68
9
51
41
69
9
51
41
70
9
51
41
71
9
51
41
72
9
51
41
73
9
51
41
74
9
51
41
75
9
51
41
77
9
51
41
78
9
51
41
79
9
51
41
80
9
51
41
81
9
51
41
82
9
51
41
83
9
51
41
84
9
51
41
85
9
51
41
86
9
51
41
87
9
51
41
88
9
51
41
89
9
51
41
90
9
51
41
91
9
51
41
92
9
51
41
93
9
51
41
94
9
52
41
95
9
52
41
96
9
52
41
97
9
52
41
98
9
52
41
99
9
52
41
100
9
52
41
101
9
52
41
102
9
52
41
103
9
52
41
104
9
52
41
105
9
52
41
106
9
52
41
107
9
52
41
108
9
52
41
109
9
52
41
110
9
52
41
111
9
52
41
112
9
52
41
113
9
52
41
114
9
52
41
115
9
52
41
116
9
52
41
117
9
52
41
118
9
52
41
119
9
52
41
120
9
52
41
121
9
52
41
122
9
52
41
123
9
52
41
124
9
52
41
125
9
52
41
126
9
52
41
127
9
52
42
128
9
52
42
129
9
52
42
130
9
52
42
131
9
52
42
132
9
52
42
133
9
52
42
134
9
52
42
135
9
52
42
136
9
52
42
137
9
52
42
138
9
52
42
139
9
52
42
140
9
52
42
141
9
52
42
142
9
52
42
143
9
52
42
144
9
52
42
145
9
53
42
146
9
53
42
147
9
53
42
148
9
53
42
149
9
53
42
150
9
53
42
151
9
53
42
152
9
53
42
153
9
53
42
154
9
53
42
155
9
53
42
156
9
53
42
157
9
53
42
158
9
53
42
159
9
53
42
160
9
53
42
161
9
53
42
162
9
53
42
163
9
53
42
164
9
53
42
165
9
53
42
166
9
53
42
167
9
53
42
168
9
53
42
169
9
53
42
170
9
53
42
171
9
53
42
172
9
53
42
173
9
53
42
174
9
53
42
175
9
53
42
176
9
53
42
177
9
53
42
178
9
53
42
179
9
53
42
180
9
53
42
181
9
53
42
182
9
53
42
183
9
53
42
184
9
53
42
185
9
53
42
186
9
53
42
187
9
53
42
188
9
53
42
189
9
53
42
190
9
53
42
191
9
53
42
192
9
53
42
193
9
53
43
194
9
53
43
195
9
53
43
196
9
53
43
198
9
53
43
199
9
53
43
200
9
53
43
201
9
54
43
202
9
54
43
203
9
54
43
204
9
54
43
205
9
54
43
206
9
54
43
207
9
54
43
208
9
54
43
209
9
54
43
210
9
54
43
211
9
54
43
212
9
54
43
213
9
54
43
214
9
54
43
215
9
54
43
216
9
54
43
217
9
54
43
218
9
54
43
219
9
54
43
220
9
54
43
221
9
54
43
222
9
54
43
223
9
54
43
224
9
54
43
225
9
54
43
226
9
54
43
227
9
54
43
228
9
54
43
229
9
54
43
230
9
54
43
231
9
54
43
232
9
54
43
233
9
54
43
234
9
54
43
235
9
54
43
236
9
54
43
237
9
54
43
238
9
54
43
239
9
54
43
240
9
54
43
241
9
54
43
242
9
54
43
243
9
54
43
244
9
54
43
245
9
54
43
246
9
54
43
247
9
54
43
248
9
54
43
249
9
54
43
250
9
54
43
251
9
54
43
252
9
54
43
253
9
54
43
254
9
54
43
255
9
54
43
0
10
55
43
1
10
55
43
2
10
55
43
3
10
55
43
4
10
55
43
5
10
55
43
6
10
55
43
7
10
55
43
8
10
55
43
9
10
55
44
10
10
55
44
11
10
55
44
12
10
55
44
13
10
55
44
14
10
55
44
15
10
55
44
16
10
55
44
17
10
55
44
18
10
55
44
19
10
55
44
20
10
55
44
21
10
55
44
22
10
55
44
23
10
55
44
24
10
55
44
25
10
55
44
26
10
55
44
27
10
55
44
28
10
55
44
29
10
55
44
30
10
55
44
31
10
55
44
32
10
55
44
33
10
55
44
34
10
55
44
35
10
55
44
36
10
55
44
37
10
55
44
38
10
55
44
39
10
55
44
40
10
55
44
41
10
55
44
42
10
55
44
43
10
55
44
44
10
55
44
45
10
55
44
46
10
55
44
47
10
55
44
48
10
55
44
49
10
55
44
50
10
55
44
51
10
55
44
52
10
55
44
53
10
55
44
54
10
55
44
55
10
55
44
56
10
55
44
57
10
55
44
58
10
55
44
59
10
56
44
60
10
56
44
61
10
56
44
62
10
56
44
63
10
56
44
64
10
56
44
65
10
56
44
66
10
56
44
67
10
56
44
68
10
56
44
69
10
56
44
70
10
56
44
71
10
56
44
72
10
56
44
73
10
56
44
74
10
56
44
75
10
56
44
76
10
56
44
77
10
56
44
78
10
56
44
79
10
56
44
80
10
56
44
81
10
56
44