6
0
214
216
7
0
214
216
8
0
217
218
9
0
212
216
10
0
214
216
11
0
216
217
12
0
217
218
13
0
217
219
14
0
212
216
18
0
207
211
19
0
220
219
20
0
219
220
21
0
219
221
22
0
219
221
23
0
219
221
24
0
219
221
25
0
218
220
26
0
219
221
27
0
219
221
28
0
219
221
29
0
219
221
30
0
219
221
31
0
217
220
33
0
218
220
34
0
218
220
35
0
217
219
36
0
212
216
38
0
211
214
39
0
209
212
41
0
208
211
42
0
210
211
50
0
210
212
51
0
211
212
52
0
209
211
57
0
210
212
58
0
208
210
60
0
208
210
61
0
209
211
62
0
208
210
63
0
208
210
64
0
208
210
65
0
208
210
68
0
210
211
69
0
208
210
72
0
207
209
73
0
208
210
74
0
207
209
75
0
207
209
76
0
207
209
79
0
207
209
81
0
207
209
84
0
206
208
90
0
208
209
92
0
207
209
95
0
208
209
99
0
207
209
102
0
208
210
103
0
208
210
104
0
207
209
114
0
207
209
115
0
210
211
116
0
211
212
117
0
211
213
118
0
211
213
119
0
211
213
121
0
209
211
122
0
207
210
124
0
210
211
125
0
210
212
126
0
210
212
127
0
211
212
128
0
211
213
129
0
209
211
131
0
208
210
132
0
208
210
137
0
211
212
138
0
212
213
139
0
212
214
140
0
211
213
141
0
212
214
142
0
212
214
143
0
211
213
144
0
212
214
145
0
212
214
146
0
212
214
147
0
212
215
148
0
212
215
149
0
212
214
150
0
212
215
151
0
212
215
152
0
212
215
153
0
212
215
154
0
212
215
155
0
212
215
156
0
212
215
157
0
212
214
158
0
212
214
159
0
212
214
161
0
212
214
162
0
212
214
163
0
212
214
164
0
212
214
165
0
212
215
166
0
212
214
167
0
212
214
168
0
212
214
170
0
212
214
171
0
212
214
172
0
211
213
173
0
211
213
174
0
210
212
175
0
210
212
176
0
210
212
177
0
211
212
178
0
210
212
179
0
211
213
180
0
210
212
181
0
210
212
182
0
210
212
183
0
211
212
184
0
211
213
185
0
211
213
187
0
209
211
189
0
210
212
190
0
208
210
191
0
209
211
194
0
210
211
195
0
210
212
196
0
210
212
197
0
209
211
198
0
211
212
199
0
209
211
200
0
211
212
201
0
209
211
202
0
211
212
208
0
209
211
209
0
211
212
210
0
211
213
211
0
209
211
212
0
210
212
213
0
211
212
214
0
209
211
215
0
210
212
217
0
210
212
218
0
211
212
219
0
209
211
220
0
208
210
221
0
210
211
222
0
214
214
225
0
211
213
226
0
212
214
227
0
212
214
228
0
211
213
229
0
209
212
232
0
209
211
233
0
208
210
234
0
208
210
235
0
209
210
236
0
210
211
238
0
209
211
239
0
210
211
240
0
209
211
247
0
210
212
248
0
210
212
249
0
211
212
250
0
209
211
251
0
209
211
252
0
209
211
255
0
209
211
1
1
210
211
2
1
211
212
3
1
212
213
5
1
212
214
6
1
214
215
7
1
212
215
8
1
209
212
38
1
208
211
43
1
209
211
44
1
207
209
46
1
211
212
48
1
210
212
49
1
208
210
51
1
212
213
52
1
212
214
53
1
211
213
54
1
212
214
55
1
211
213
56
1
211
213
58
1
211
213
59
1
211
213
61
1
212
213
62
1
210
212
64
1
209
211
66
1
211
212
67
1
212
214
68
1
211
213
69
1
209
212
70
1
208
210
72
1
209
211
73
1
209
211
74
1
209
211
75
1
209
211
76
1
210
211
77
1
210
212
78
1
209
211
79
1
209
211
80
1
211
212
81
1
209
211
82
1
210
212
83
1
210
212
84
1
209
211
85
1
208
210
103
1
208
210
104
1
208
210
105
1
209
210
106
1
210
211
107
1
209
211
108
1
208
210
110
1
210
211
111
1
209
211
112
1
209
211
113
1
209
211
114
1
211
212
115
1
209
211
116
1
208
210
118
1
209
211
119
1
208
210
120
1
210
211
121
1
210
212
122
1
208
210
123
1
209
211
124
1
210
211
125
1
208
210
126
1
208
210
127
1
211
212
128
1
210
212
129
1
209
211
130
1
209
211
131
1
209
211
132
1
209
211
133
1
209
211
134
1
208
210
135
1
210
211
136
1
210
212
137
1
210
212
138
1
209
211
139
1
209
211
140
1
209
211
141
1
209
211
142
1
207
209
143
1
209
210
144
1
210
211
146
1
209
211
147
1
209
211
148
1
208
210
149
1
209
211
150
1
209
211
151
1
208
210
152
1
210
211
154
1
209
211
155
1
208
210
156
1
209
211
157
1
208
210
158
1
209
211
159
1
208
210
160
1
208
210
161
1
209
210
162
1
209
211
163
1
209
211
166
1
208
210
167
1
209
211
168
1
209
211
170
1
208
210
171
1
209
211
172
1
209
211
173
1
208
210
174
1
209
211
175
1
209
211
176
1
208
210
177
1
209
211
179
1
209
211
180
1
210
211
181
1
209
211
182
1
209
211
183
1
209
211
184
1
209
211
186
1
207
209
187
1
208
210
188
1
210
211
189
1
209
211
190
1
208
210
191
1
209
211
192
1
207
209
193
1
208
210
194
1
209
210
195
1
208
210
196
1
208
210
197
1
209
210
198
1
209
211
199
1
208
210
200
1
209
211
201
1
208
210
202
1
208
210
203
1
208
210
204
1
208
210
205
1
209
210
206
1
208
210
208
1
209
211
209
1
208
210
210
1
208
210
211
1
209
210
213
1
208
210
214
1
208
210
215
1
208
210
216
1
208
210
217
1
208
210
219
1
208
210
220
1
208
210
221
1
208
210
222
1
208
210
223
1
208
210
224
1
208
210
225
1
209
210
226
1
208
210
227
1
208
210
229
1
209
210
230
1
208
210
231
1
209
211
232
1
209
211
233
1
209
211
235
1
208
210
236
1
208
210
237
1
208
210
238
1
208
210
239
1
208
210
240
1
209
210
241
1
208
210
242
1
208
210
243
1
208
210
244
1
208
210
245
1
208
210
246
1
209
210
247
1
208
210
248
1
208
210
249
1
207
209
250
1
209
210
251
1
209
211
252
1
207
209
253
1
208
210
254
1
208
210
255
1
208
210
0
2
209
210
1
2
208
210
2
2
208
210
3
2
208
210
4
2
208
210
5
2
209
210
6
2
209
211
7
2
208
210
8
2
208
210
9
2
208
210
10
2
208
210
11
2
208
210
12
2
208
210
13
2
209
210
14
2
207
209
16
2
210
211
18
2
208
210
19
2
209
211
20
2
209
211
21
2
208
210
31
2
207
209
38
2
208
210
39
2
209
210
40
2
211
212
41
2
211
212
42
2
209
211
44
2
210
212
45
2
208
210
46
2
209
211
47
2
209
211
48
2
208
210
49
2
207
209
50
2
208
210
51
2
209
210
52
2
211
212
54
2
209
211
55
2
209
211
56
2
209
211
57
2
209
211
58
2
209
211
59
2
210
211
60
2
210
212
64
2
210
212
65
2
209
211
66
2
209
211
68
2
210
211
69
2
211
212
70
2
210
212
71
2
211
213
72
2
211
213
74
2
211
213
75
2
210
212
76
2
210
212
77
2
211
212
78
2
211
213
79
2
210
212
80
2
209
211
81
2
210
212
82
2
211
212
84
2
210
212
85
2
211
213
86
2
210
212
87
2
209
211
88
2
209
211
89
2
210
211
90
2
210
212
91
2
211
212
92
2
210
212
94
2
209
211
95
2
210
212
96
2
209
211
97
2
208
210
98
2
209
211
99
2
209
211
100
2
210
211
101
2
210
212
102
2
210
212
104
2
209
211
105
2
210
212
106
2
208
210
107
2
208
210
108
2
209
211
110
2
209
211
111
2
210
211
112
2
210
212
114
2
209
211
115
2
210
212
116
2
210
212
117
2
209
211
118
2
210
212
119
2
210
212
121
2
209
211
122
2
210
212
123
2
210
212
124
2
209
211
125
2
210
212
126
2
210
212
127
2
209
211
128
2
209
211
129
2
210
211
130
2
209
211
131
2
209
211
132
2
209
211
133
2
209
211
135
2
208
210
136
2
209
211
137
2
210
211
138
2
210
212
139
2
210
212
140
2
209
211
141
2
210
212
142
2
211
212
143
2
210
212
144
2
210
212
145
2
210
212
146
2
210
212
147
2
209
211
148
2
211
212
149
2
210
212
150
2
210
212
151
2
209
211
152
2
209
211
153
2
210
211
154
2
209
211
155
2
209
211
156
2
210
211
157
2
210
212
158
2
210
212
159
2
209
211
160
2
210
212
161
2
210
212
162
2
210
212
163
2
209
211
164
2
210
212
165
2
209
211
166
2
210
212
167
2
210
212
168
2
209
211
169
2
209
211
170
2
210
211
172
2
209
211
173
2
210
212
174
2
210
212
175
2
210
212
176
2
212
213
177
2
210
212
178
2
209
211
179
2
209
211
180
2
209
211
181
2
208
210
182
2
210
211
183
2
209
211
184
2
209
211
185
2
210
211
186
2
209
211
188
2
209
211
189
2
209
211
190
2
210
211
191
2
209
211
192
2
209
211
193
2
210
211
194
2
210
212
195
2
209
211
196
2
210
212
197
2
209
211
198
2
211
212
199
2
209
211
200
2
210
212
201
2
210
212
202
2
210
212
203
2
210
212
204
2
209
211
205
2
210
212
206
2
210
212
207
2
210
212
208
2
210
212
209
2
210
212
210
2
210
212
211
2
211
212
212
2
210
212
213
2
209
211
215
2
212
214
216
2
212
214
217
2
211
213
218
2
212
214
219
2
209
212
221
2
212
213
222
2
212
214
223
2
210
212
226
2
208
211
229
2
210
211
231
2
214
214
232
2
215
216
233
2
214
216
234
2
214
216
235
2
212
215
236
2
212
215
237
2
216
217
238
2
212
216
239
2
212
214
240
2
215
216
241
2
216
217
242
2
211
214
243
2
212
214
244
2
209
212
245
2
215
215
246
2
212
214
247
2
211
213
248
2
208
211
249
2
212
213
250
2
218
218
251
2
207
212
252
2
214
214
253
2
208
211
254
2
215
215
0
3
211
214
1
3
211
213
3
3
211
213
5
3
212
213
6
3
211
213
7
3
211
213
8
3
211
213
9
3
212
213
10
3
210
212
11
3
212
213
12
3
210
212
13
3
206
209
14
3
209
210
15
3
209
211
16
3
212
213
17
3
209
211
18
3
209
211
19
3
216
215
20
3
208
212
23
3
215
215
24
3
217
217
25
3
216
218
26
3
215
217
27
3
214
216
28
3
217
218
31
3
212
215
32
3
212
214
34
3
211
213
36
3
209
212
39
3
210
212
42
3
207
210
43
3
209
210
47
3
207
209
48
3
209
210
49
3
209
211
50
3
208
210
51
3
210
211
52
3
212
213
53
3
210
212
55
3
208
211
59
3
209
211
60
3
208
210
63
3
208
210
64
3
208
210
65
3
208
210
67
3
208
210
68
3
209
210
69
3
209
211
71
3
212
213
72
3
208
211
73
3
210
211
89
3
209
211
91
3
211
212
92
3
208
211
188
3
208
210
210
3
208
210
212
3
208
210
213
3
209
210
214
3
210
211
215
3
210
212
216
3
210
212
217
3
209
211
218
3
209
211
219
3
209
211
220
3
211
212
221
3
210
212
222
3
210
212
223
3
211
212
224
3
210
212
226
3
209
211
227
3
210
212
228
3
209
211
229
3
208
210
230
3
208
210
231
3
208
210
232
3
208
210
233
3
208
210
234
3
208
210
235
3
208
210
236
3
209
210
240
3
208
210
242
3
208
210
243
3
209
210
244
3
208
210
246
3
208
210
247
3
208
210
251
3
208
210
252
3
208
210
253
3
208
210
0
4
209
210
1
4
208
210
2
4
209
211
3
4
208
210
5
4
208
210
6
4
208
210
7
4
207
209
8
4
208
210
10
4
207
209
12
4
208
210
13
4
208
210
14
4
208
210
15
4
208
210
18
4
208
210
20
4
208
210
22
4
208
210
23
4
209
210
24
4
209
211
25
4
209
211
26
4
208
210
27
4
209
211
28
4
210
211
42
4
208
210
45
4
208
210
46
4
209
210
47
4
209
211
48
4
208
210
50
4
209
211
51
4
210
211
52
4
209
211
53
4
210
212
54
4
210
212
55
4
208
210
62
4
206
209
63
4
207
209
65
4
207
209
68
4
206
208
70
4
207
209
71
4
207
209
74
4
207
209
79
4
208
209
80
4
208
210