3.613000
7.705000
8.218000
8.876000
8.817000
8.859000
9.331000
9.019000
9.134000
9.184000
8.921000
9.384000
9.435000
9.036000
9.150000
8.921000
8.825000
8.923000
8.942000
9.065000
9.313000
8.908000
9.081000
9.246000
8.799000
8.781000
9.629000
9.315000
8.780000
9.042000
9.139000
9.044000
9.301000
9.408000
9.376000
9.046000
8.920000
9.344000
9.083000
8.984000
8.927000
9.044000
9.094000
9.367000
9.039000
8.803000
9.157000
9.007000
9.052000
9.339000
8.882000
9.221000
9.259000
9.211000
9.415000
9.358000
8.889000
9.156000
9.475000
8.676000
9.187000
9.424000
9.230000
9.341000
9.166000
9.264000
9.352000
9.215000
9.238000
9.380000
9.262000
9.497000
9.653000
9.468000
9.452000
9.623000
9.554000
9.441000
9.571000
9.415000
9.325000
9.451000
9.752000
9.124000
9.566000
9.247000
9.277000
9.611000
9.663000
9.540000
9.677000
9.434000
9.551000
9.280000
9.331000
9.493000
9.410000
9.840000
9.625000
9.692000
9.552000
9.583000
9.655000
9.566000
9.332000
9.442000
9.329000
9.777000
9.604000
9.975000
9.636000
9.418000
9.668000
9.733000
9.902000
9.609000
9.756000
9.872000
9.565000
9.321000
9.806000
9.837000
9.598000
9.755000
9.592000
9.701000
9.930000
10.075000
9.767000
9.991000
9.722000
9.915000
9.865000
9.779000
9.666000
9.944000
9.854000
9.930000
9.785000
9.804000
9.956000
9.752000
9.731000
9.677000
9.880000
9.525000
9.848000
10.033000
9.898000
9.711000
9.800000
9.726000
9.696000
9.797000
9.978000
9.894000
9.748000
9.857000
10.090000
9.986000
9.855000
9.935000
9.856000
9.945000
10.044000
9.946000
10.012000
9.882000
9.527000
9.967000
9.944000
9.729000
9.748000
9.689000
10.148000
9.992000
10.028000
9.793000
9.995000
9.786000
9.874000
10.037000
10.119000
9.917000
9.609000
10.038000
9.790000
9.899000
10.004000
9.792000
10.044000
9.588000
10.059000
9.922000
9.689000
9.873000
9.875000
10.256000
9.985000
9.968000
10.173000
10.030000
10.067000
9.829000
10.231000
9.875000
10.062000
10.113000
9.953000
9.684000
9.839000
10.121000
10.010000
10.092000
9.827000
9.987000
10.172000
10.003000
9.882000
10.243000
9.894000
10.020000
9.984000
9.934000
10.120000
9.887000
10.327000
10.096000
10.040000
9.918000
9.868000
10.116000
9.743000
10.058000
10.128000
10.252000
10.104000
9.975000
9.995000
10.017000
9.774000
10.165000
9.945000
9.562000
9.944000
9.944000
9.870000
10.116000
10.009000
9.803000
9.843000
10.054000
9.931000
10.028000
9.869000
9.896000
9.961000
10.181000
10.049000
10.102000
9.819000
9.983000
10.023000
10.053000
9.961000
9.968000
9.924000
10.335000
10.073000
10.154000
9.956000
9.879000
9.841000
10.106000
10.114000
10.062000
9.975000
9.754000
9.756000
9.329000
9.534000
9.990000
9.520000
10.171000
10.162000
9.903000
9.986000
10.063000
10.029000
10.010000
10.319000
10.320000
10.088000
9.915000
10.182000
10.031000
10.299000
9.990000
10.019000
9.634000
9.732000
10.082000
9.799000
10.285000
9.710000
10.014000
10.152000
10.513000
10.131000
9.948000
9.967000
10.086000
9.973000
10.141000
10.250000
10.303000
10.036000
9.872000
9.958000
9.823000
10.056000
10.021000
10.002000
10.066000
10.156000
10.206000
10.164000
10.317000
10.021000
9.990000
9.697000
10.052000
10.268000
9.987000
10.181000
10.265000
10.049000
10.166000
10.277000
10.209000
10.090000
10.060000
10.129000
10.054000
10.079000
10.269000
10.032000
10.033000
9.943000
11.216000
10.025000
9.966000
10.218000
10.387000
10.240000
10.277000
10.239000
10.216000
10.174000
10.052000
10.028000
9.973000
10.100000
10.327000
10.158000
10.215000
10.027000
10.099000
9.992000
10.017000
10.103000
10.297000
10.143000
10.499000
10.122000
10.175000
10.408000
10.341000
10.089000
10.158000
10.145000
10.721000
10.346000
10.523000
10.630000
10.347000
9.896000
10.048000
10.269000
10.370000
10.092000
10.208000
10.218000
10.327000
10.295000
10.419000
10.279000
10.265000
10.155000
10.081000
10.141000
10.272000
10.611000
10.464000
10.427000
10.155000
10.294000
10.311000
10.125000
10.162000
10.295000
10.236000
10.109000
9.980000
10.546000
10.141000
10.314000
10.344000
10.093000
10.328000
10.260000
10.177000
10.293000
10.182000
10.305000
10.230000
10.501000
10.455000
10.406000
10.179000
10.286000
10.317000
10.326000
10.053000
10.164000
10.284000
10.422000
10.284000
10.198000
10.031000
10.258000
10.404000
10.165000
10.359000
10.735000
10.423000
10.531000
10.437000
10.096000
10.211000
10.097000
10.198000
10.185000
10.272000
10.481000
10.241000
10.209000
10.204000
10.292000
10.123000
10.084000
10.536000
10.244000
10.434000
10.083000
10.274000
10.436000
10.325000
10.219000
10.458000
10.220000
10.353000
10.258000
10.174000
10.248000
10.331000
10.367000
10.549000
9.984000
10.303000
10.191000
10.004000
10.264000
10.466000
10.109000
10.139000
10.422000
10.300000
10.224000
10.268000
10.442000
10.406000
10.603000
10.236000
10.228000
10.267000
10.464000
10.227000
10.091000
10.442000
10.254000
10.686000
10.214000
10.356000
10.400000
10.249000
10.144000
10.146000
10.359000
10.248000
10.301000
10.087000
10.324000
10.350000
10.076000
10.297000
10.264000
10.528000
10.294000
9.913000
10.736000
10.298000
10.321000
10.611000
10.126000
10.133000
10.339000
9.942000
10.182000
10.300000
10.249000
10.405000
10.316000
10.590000
10.439000
10.293000
10.594000
10.483000
10.298000
10.290000
10.067000
10.043000
10.208000
10.671000
10.787000
10.427000
10.280000
10.207000
10.274000
10.357000
10.186000
10.131000
10.368000
10.004000
10.247000
10.456000
10.277000
10.516000
10.138000
10.236000
10.380000
10.221000
10.117000
10.254000
10.504000
10.226000
10.457000
10.228000
10.156000
10.300000
10.288000
9.751000
10.095000
9.912000
10.164000
10.338000
10.040000
10.396000
10.186000
10.111000
9.866000
10.278000
10.127000
9.957000
10.280000
10.149000
10.090000
10.044000
10.239000
10.103000
10.382000
10.189000
10.503000
10.325000
10.937000
10.334000
10.407000
10.222000
10.490000
10.166000
10.155000
10.295000
10.352000
10.150000
10.136000
10.169000
10.297000
10.157000
10.350000
10.454000
10.181000
10.213000
10.266000
10.120000
10.095000
10.342000
10.051000
10.230000
10.395000
10.355000
10.250000
10.933000
10.342000
10.144000
10.273000
10.240000
10.295000
10.382000
10.154000
10.302000
10.179000
10.226000
10.194000
10.445000
10.504000
10.348000
10.289000
10.511000
10.490000
10.484000
10.334000
10.275000
9.979000
10.216000
10.449000
10.487000
10.307000
10.397000
10.177000
10.129000
10.379000
9.975000
10.460000
10.615000
10.955000
10.345000
10.111000
10.458000
10.601000
10.293000
10.273000
10.189000
10.461000
10.338000
10.569000
10.524000
10.912000
10.250000
10.435000
10.482000
10.178000
10.654000
10.302000
10.281000
10.241000
10.332000
10.154000
10.395000
10.296000
10.123000
10.348000
10.473000
10.560000
10.361000
10.621000
10.328000
10.235000
10.612000
10.415000
10.291000
10.349000
10.480000
10.500000
10.600000
10.636000
10.013000
9.942000
10.019000
10.289000
10.116000
10.994000
10.296000
10.459000
10.281000
10.359000
10.117000
10.089000
10.324000
10.242000
10.313000
10.449000
10.359000
10.720000
10.381000
10.107000
10.482000
10.539000
10.844000
10.573000
10.251000
10.402000
10.241000
10.398000
10.313000
10.185000
10.066000
10.301000
10.474000
10.454000
10.098000
10.585000
10.125000
10.009000
10.098000
10.389000
10.186000
10.118000
10.179000
10.241000
10.207000
10.220000
10.283000
10.271000
10.081000
10.421000
10.752000
10.526000
10.311000
10.081000
10.412000
9.925000
10.534000
9.966000
10.466000
10.237000
10.556000
10.278000
10.635000
10.386000
10.438000
10.271000
10.553000
10.486000
10.651000
10.107000
10.330000
10.101000
10.105000
10.398000
10.350000
10.434000
10.493000
10.457000
10.990000
10.362000
10.328000
10.335000
10.141000
10.331000
10.279000
10.236000
10.385000
10.196000
10.387000
10.287000
10.098000
10.150000
10.394000
10.280000
10.301000
10.136000
9.893000
10.256000
10.247000
10.300000
10.152000
10.432000
10.503000
10.214000
10.259000
10.423000
10.596000
10.251000
10.528000
10.316000
10.230000
10.796000
10.166000
10.489000
10.300000
10.244000
10.144000
10.481000
10.015000
10.465000
10.135000
10.697000
10.175000
10.424000
10.291000
10.215000
10.222000
10.386000
10.197000
10.158000
10.459000
10.441000
10.565000
10.368000
10.374000
10.202000
10.245000
10.502000
10.085000
10.218000
10.087000
10.111000
10.399000
9.957000
10.274000
10.226000
10.504000
10.166000
10.259000
10.336000
10.510000
10.638000
10.117000
10.354000
10.614000
10.222000
9.923000
10.266000
10.509000
10.313000
10.308000
10.154000
10.269000
10.249000
10.732000
10.237000
10.420000
10.343000
10.338000
10.774000
10.816000
10.175000
10.341000
10.495000
10.445000
10.031000
10.573000
10.316000
10.192000
10.702000
10.154000
10.415000
10.244000
10.256000
10.434000
10.458000
10.587000
10.751000
10.010000
10.642000
10.320000
10.122000
10.670000
10.123000
10.562000
10.572000
10.431000
10.507000
10.414000
