4.723000
7.725000
8.390000
8.629000
8.939000
9.675000
9.289000
9.449000
8.971000
8.752000
9.101000
8.941000
8.745000
8.719000
8.953000
8.872000
9.103000
9.015000
9.037000
9.108000
9.247000
9.410000
9.223000
9.412000
10.286000
10.227000
9.994000
9.510000
9.962000
9.746000
9.819000
9.330000
9.503000
9.561000
9.800000
9.201000
9.371000
9.464000
9.161000
9.602000
9.618000
9.313000
9.417000
9.515000
9.668000
9.452000
9.658000
9.616000
9.488000
9.742000
9.578000
9.774000
9.727000
9.638000
9.766000
9.518000
9.471000
10.122000
9.868000
9.711000
9.554000
9.566000
9.714000
9.966000
9.806000
9.906000
10.212000
9.688000
9.766000
10.745000
10.382000
10.234000
9.941000
10.227000
10.002000
10.211000
10.209000
9.963000
10.427000
10.438000
10.238000
10.069000
10.488000
10.380000
9.865000
10.168000
9.958000
10.162000
10.363000
10.303000
10.497000
10.435000
10.568000
10.635000
10.517000
10.566000
10.540000
10.530000
10.587000
10.076000
10.592000
10.161000
10.191000
10.642000
10.551000
10.261000
10.039000
10.422000
10.480000
10.449000
10.388000
10.481000
10.396000
10.560000
10.416000
10.534000
10.450000
10.461000
10.380000
10.445000
10.219000
10.153000
10.520000
10.436000
10.235000
10.189000
10.577000
10.628000
10.663000
10.440000
11.016000
10.349000
10.522000
10.465000
10.645000
10.710000
10.717000
10.484000
10.613000
10.545000
10.397000
10.675000
10.570000
10.282000
10.507000
10.335000
10.420000
10.728000
10.629000
10.651000
10.728000
10.189000
10.514000
10.612000
10.605000
10.555000
10.726000
10.614000
10.549000
10.790000
10.670000
10.427000
10.631000
10.509000
10.642000
10.583000
10.615000
10.670000
10.630000
10.427000
10.882000
10.712000
10.763000
10.593000
10.583000
10.714000
10.691000
10.635000
10.790000
10.683000
10.646000
10.668000
10.447000
10.605000
10.662000
10.634000
10.581000
10.596000
10.683000
10.738000
10.801000
10.604000
10.423000
11.217000
10.857000
10.396000
10.116000
10.473000
10.271000
10.567000
10.506000
10.749000
10.126000
10.021000
10.776000
10.375000
11.006000
10.497000
11.059000
10.431000
10.836000
10.414000
10.421000
10.582000
10.613000
10.520000
10.536000
10.398000
11.184000
11.393000
11.159000
11.017000
11.005000
11.130000
10.838000
10.378000
10.495000
10.622000
10.341000
10.382000
10.379000
10.462000
10.639000
10.734000
10.228000
10.543000
10.489000
10.306000
10.602000
10.287000
10.403000
10.787000
10.653000
10.486000
10.458000
10.261000
10.356000
10.464000
10.553000
10.699000
10.717000
10.510000
10.307000
10.403000
10.322000
10.390000
10.455000
10.595000
10.499000
10.457000
10.279000
10.406000
10.381000
10.613000
10.526000
10.119000
10.574000
10.698000
10.385000
10.440000
10.585000
10.499000
10.209000
10.309000
10.462000
10.566000
10.716000
10.756000
10.703000
10.782000
10.545000
10.462000
10.454000
10.277000
10.446000
10.603000
10.522000
10.548000
10.413000
10.418000
10.384000
10.568000
10.532000
10.698000
10.649000
10.546000
10.596000
10.512000
10.578000
10.789000
10.524000
10.555000
10.597000
10.469000
10.490000
10.642000
10.412000
10.484000
10.536000
10.414000
10.568000
10.297000
10.890000
10.320000
10.445000
10.437000
10.528000
10.571000
10.573000
10.545000
10.411000
10.791000
10.465000
10.594000
10.382000
10.705000
10.615000
10.530000
10.818000
10.489000
11.209000
10.617000
10.654000
10.460000
10.778000
10.827000
10.789000
11.197000
10.768000
10.817000
11.086000
10.915000
10.757000
10.670000
11.138000
11.098000
10.761000
10.606000
10.501000
10.409000
10.969000
10.814000
10.502000
10.549000
10.785000
10.887000
10.809000
10.795000
10.888000
10.576000
10.536000
10.672000
10.759000
10.754000
10.592000
10.929000
10.566000
10.428000
10.658000
10.465000
11.102000
10.633000
10.429000
10.769000
10.836000
10.577000
11.253000
10.480000
10.675000
11.775000
11.516000
11.002000
10.926000
11.365000
11.242000
10.613000
10.267000
10.220000
10.294000
10.217000
10.162000
10.268000
10.316000
10.707000
10.449000
10.943000
10.180000
10.450000
10.395000
10.403000
10.648000
10.527000
10.580000
10.400000
10.268000
10.581000
10.544000
10.683000
10.481000
10.617000
10.865000
10.649000
10.508000
10.623000
10.784000
10.547000
10.861000
11.249000
11.077000
10.554000
10.610000
11.113000
10.474000
10.664000
10.553000
10.372000
10.610000
10.634000
10.295000
10.677000
10.370000
10.897000
10.460000
11.093000
10.723000
11.135000
10.203000
10.160000
10.364000
10.337000
10.557000
10.292000
10.458000
10.191000
10.213000
10.139000
10.238000
10.072000
10.129000
10.176000
10.338000
10.591000
10.265000
10.199000
10.272000
10.132000
10.215000
10.643000
10.689000
10.468000
10.559000
10.317000
10.441000
10.570000
10.390000
10.178000
10.507000
10.639000
10.466000
10.227000
10.307000
10.210000
10.464000
10.732000
10.630000
10.362000
10.463000
10.529000
10.772000
10.714000
10.652000
10.409000
10.679000
10.807000
10.789000
10.896000
10.943000
11.068000
10.500000
10.735000
11.426000
10.945000
10.877000
11.359000
11.448000
10.975000
10.681000
11.497000
11.059000
10.668000
11.763000
11.061000
10.929000
10.875000
10.521000
10.829000
10.592000
11.403000
11.384000
11.441000
11.366000
11.513000
11.729000
11.122000
10.781000
10.525000
10.789000
11.076000
11.106000
10.822000
10.565000
11.297000
11.335000
11.330000
11.314000
11.475000
11.435000
11.501000
11.638000
11.265000
10.901000
11.644000
11.339000
10.769000
11.564000
11.677000
11.656000
11.709000
11.874000
11.584000
11.926000
11.368000
10.913000
11.147000
11.125000
11.022000
11.140000
10.917000
10.869000
10.887000
11.280000
10.940000
10.764000
10.563000
10.787000
11.009000
10.933000
10.737000
11.165000
10.651000
11.359000
11.030000
11.085000
11.289000
10.884000
11.860000
11.413000
11.557000
11.764000
11.813000
11.891000
11.836000
11.891000
11.918000
11.287000
11.550000
11.395000
11.413000
11.427000
11.506000
11.432000
11.405000
11.215000
11.393000
11.084000
11.268000
11.269000
11.086000
11.237000
11.200000
11.137000
11.108000
11.090000
11.331000
11.090000
11.408000
11.273000
11.276000
11.044000
11.039000
10.984000
11.261000
10.946000
11.101000
11.083000
11.230000
11.107000
11.016000
11.056000
11.054000
11.048000
11.066000
11.232000
11.070000
11.061000
10.997000
10.919000
10.905000
11.332000
11.055000
11.069000
11.009000
11.110000
10.968000
11.257000
11.130000
11.197000
10.935000
11.215000
10.725000
10.517000
10.913000
10.610000
10.606000
11.027000
10.998000
10.786000
10.707000
10.581000
10.749000
10.435000
10.966000
11.175000
11.191000
11.094000
10.667000
10.611000
11.051000
10.810000
10.577000
10.813000
11.289000
11.486000
11.730000
11.552000
11.077000
11.042000
10.937000
10.861000
11.224000
11.103000
10.721000
10.544000
11.170000
11.057000
10.997000
10.530000
10.830000
10.413000
10.898000
10.850000
10.521000
11.011000
11.265000
10.972000
10.917000
11.041000
11.019000
11.028000
10.976000
10.987000
11.006000
11.032000
11.008000
10.854000
11.080000
11.028000
10.933000
11.043000
11.114000
10.935000
10.940000
10.959000
10.938000
10.911000
10.882000
10.847000
10.698000
10.878000
10.892000
10.790000
10.817000
10.887000
10.769000
10.868000
10.784000
10.829000
11.131000
10.928000
10.836000
10.862000
10.821000
10.934000
10.908000
10.906000
10.784000
10.908000
10.916000
10.937000
10.813000
10.820000
10.878000
10.866000
10.954000
10.909000
10.919000
10.822000
10.804000
10.874000
10.993000
10.947000
10.911000
10.908000
10.866000
10.962000
10.946000
10.992000
10.633000
11.013000
11.022000
10.896000
10.867000
10.875000
10.951000
10.529000
10.796000
10.998000
11.147000
10.885000
10.987000
10.671000
11.093000
10.771000
11.056000
10.682000
10.835000
10.903000
10.799000
10.917000
10.524000
10.901000
10.795000
10.922000
10.894000
10.662000
11.018000
10.856000
11.111000
11.241000
10.607000
10.902000
11.245000
10.764000
10.701000
10.757000
10.987000
10.669000
10.524000
10.612000
10.798000
11.004000
11.034000
10.592000
10.577000
10.998000
10.483000
10.695000
10.991000
11.033000
