0
0
141
150
0
0
133
136
0
0
134
24
0
0
132
29
0
0
17
79
0
0
123
138
0
0
17
45
0
0
16
245
0
0
17
71
0
0
17
38
0
0
124
156
0
0
17
75
0
0
17
38
0
0
17
24
0
0
17
26
0
0
17
8
0
0
17
30
0
0
17
9
0
0
16
253
0
0
17
34
0
0
17
52
0
0
17
30
0
0
17
15
0
0
17
21
0
0
17
20
0
0
17
14
0
0
17
40
0
0
17
44
0
0
17
34
0
0
17
30
0
0
17
25
0
0
17
25
0
0
17
48
0
0
17
54
0
0
17
38
0
0
17
27
0
0
17
38
0
0
17
80
0
0
17
46
0
0
17
31
0
0
17
38
0
0
17
38
0
0
17
37
0
0
17
67
0
0
132
46
0
0
25
120
0
0
25
138
0
0
25
137
0
0
25
138
0
0
25
138
0
0
25
138
0
0
24
138
0
0
25
138
0
0
25
137
0
0
25
138
0
0
25
138
0
0
25
138
0
0
25
138
0
0
25
138
0
0
25
137
0
0
25
173
0
0
25
95
0
0
25
177
0
0
25
52
0
0
25
130
0
0
24
234
0
0
24
191
0
0
25
10
0
0
24
204
0
0
24
183
0
0
24
208
0
0
24
213
0
0
24
174
0
0
24
144
0
0
24
137
0
0
24
141
0
0
24
161
0
0
24
127
0
0
24
130
0
0
24
123
0
0
24
147
0
0
24
156
0
0
24
113
0
0
24
130
0
0
24
126
0
0
24
117
0
0
24
167
0
0
24
155
0
0
24
122
0
0
24
145
0
0
24
129
0
0
24
156
0
0
24
181
0
0
24
215
0
0
24
158
0
0
24
202
0
0
24
175
0
0
24
164
0
0
24
157
0
0
24
129
0
0
24
160
0
0
24
154
0
0
24
118
0
0
24
87
0
0
24
150
0
0
24
140
0
0
24
142
0
0
24
201
0
0
24
182
0
0
24
179
0
0
24
170
0
0
24
192
0
0
24
214
0
0
24
160
0
0
24
194
0
0
24
102
0
0
24
164
0
0
24
187
0
0
24
161
0
0
24
173
0
0
24
146
0
0
24
152
0
0
24
208
0
0
24
199
0
0
24
189
0
0
24
191
0
0
24
201
0
0
24
163
0
0
24
211
0
0
24
185
0
0
24
207
0
0
24
217
0
0
24
124
0
0
24
167
0
0
24
184
0
0
24
168
0
0
24
187
0
0
24
220
0
0
24
171
0
0
24
191
0
0
24
187
0
0
24
127
0
0
24
211
0
0
24
215
0
0
24
193
0
0
24
232
0
0
24
175
0
0
24
226
0
0
24
142
0
0
24
118
0
0
24
141
0
0
24
162
0
0
24
163
0
0
24
159
0
0
24
196
0
0
24
222
0
0
24
142
0
0
24
147
0
0
24
144
0
0
24
162
0
0
151
234
0
0
25
129
0
0
25
79
0
0
25
46
0
0
24
217
0
0
25
20
0
0
24
208
0
0
25
86
0
0
25
34
0
0
25
21
0
0
25
120
0
0
25
185
0
0
25
145
0
0
25
115
0
0
25
35
0
0
24
209
0
0
24
198
0
0
24
253
0
0
25
17
0
0
25
53
0
0
25
82
0
0
24
229
0
0
25
33
0
0
25
29
0
0
25
23
0
0
24
250
0
0
24
230
0
0
24
211
0
0
24
255
0
0
25
1
0
0
25
47
0
0
25
71
0
0
25
17
0
0
25
14
0
0
25
135
0
0
25
91
0
0
25
148
0
0
26
117
0
0
25
200
0
0
25
152
0
0
25
93
0
0
25
37
0
0
25
41
0
0
25
49
0
0
25
81
0
0
25
15
0
0
24
234
0
0
24
254
0
0
24
219
0
0
25
0
0
0
24
239
0
0
24
238
0
0
25
4
0
0
24
213
0
0
24
221
0
0
24
224
0
0
24
201
0
0
24
181
0
0
24
185
0
0
24
209
0
0
24
221
0
0
25
5
0
0
24
143
0
0
25
36
0
0
24
89
0
0
25
25
0
0
24
213
0
0
24
236
0
0
24
203
0
0
24
244
0
0
24
156
0
0
25
8
0
0
24
96
0
0
24
245
0
0
24
213
0
0
24
233
0
0
24
250
0
0
25
24
0
0
25
24
0
0
24
254
0
0
24
237
0
0
24
214
0
0
24
200
0
0
24
215
0
0
24
202
0
0
24
188
0
0
24
216
0
0
24
198
0
0
24
211
0
0
24
203
0
0
24
248
0
0
24
195
0
0
24
194
0
0
25
176
0
0
24
192
0
0
24
176
0
0
24
187
0
0
24
164
0
0
24
214
0
0
24
147
0
0
24
144
0
0
24
156
0
0
24
154
0
0
24
105
0
0
24
123
0
0
24
153
0
0
24
108
0
0
24
107
0
0
24
149
0
0
24
119
0
0
24
80
0
0
24
146
0
0
24
156
0
0
24
150
0
0
24
142
0
0
24
128
0
0
24
124
0
0
24
111
0
0
24
119
0
0
24
104
0
0
24
127
0
0
24
118
0
0
24
113
0
0
23
111
0
0
24
136
0
0
24
68
0
0
24
127
0
0
24
63
0
0
24
93
0
0
24
120
0
0
24
106
0
0
24
124
0
0
24
113
0
0
24
133
0
0
24
131
0
0
24
110
0
0
24
129
0
0
24
121
0
0
24
116
0
0
24
122
0
0
24
141
0
0
24
141
0
0
24
141
0
0
24
169
0
0
24
148
0
0
24
152
0
0
24
132
0
0
24
124
0
0
24
87
0
0
24
119
0
0
24
121
0
0
24
127
0
0
24
149
0
0
24
172
0
0
24
133
0
0
24
141
0
0
24
160
0
0
24
138
0
0
24
142
0
0
24
86
0
0
24
158
0
0
23
235
0
0
24
144
0
0
24
150
0
0
24
117
0
0
24
143
0
0
24
98
0
0
24
109
0
0
24
93
0
0
24
71
0
0
24
83
0
0
24
103
0
0
24
80
0
0
24
102
0
0
24
150
0
0
24
129
0
0
24
109
0
0
24
118
0
0
24
134
0
0
24
124
0
0
24
124
0
0
24
103
0
0
24
148
0
0
25
91
0
0
24
123
0
0
24
116
0
0
24
120
0
0
24
123
0
0
24
94
0
0
24
117
0
0
24
133
0
0
24
118
0
0
24
124
0
0
24
155
0
0
24
135
0
0
24
92
0
0
24
143
0
0
24
83
0
0
24
134
0
0
24
129
0
0
25
125
0
0
24
122
0
0
24
112
0
0
24
126
0
0
24
78
0
0
24
166
0
0
24
94
0
0
24
190
0
0
24
92
0
0
24
195
0
0
24
159
0
0
24
204
0
0
24
125
0
0
24
198
0
0
24
97
0
0
24
172
0
0
24
194
0
0
25
184
0
0
24
176
0
0
24
177
0
0
24
203
0
0
24
120
0
0
24
175
0
0
24
79
0
0
24
195
0
0
24
192
0
0
24
145
0
0
24
151
0
0
23
159
0
0
24
169
0
0
24
130
0
0
24
194
0
0
24
114
0
0
24
140
0
0
24
192
0
0
24
176
0
0
24
172
0
0
24
177
0
0
24
178
0
0
24
159
0
0
24
161
0
0
24
111
0
0
24
176
0
0
24
193
0
0
24
192
0
0
24
144
0
0
24
141
0
0
24
217
0
0
24
163
0
0
24
233
0
0
24
173
0
0
24
12
0
0
25
43
0
0
24
239
0
0
24
213
0
0
24
179
0
0
24
248
0
0
24
153
0
0
24
225
0
0
24
148
0
0
25
46
255
255
85
176
0
0
25
27
0
0
25
13
0
0
24
251
0
0
25
52
0
0
24
193
0
0
25
32
0
0
24
145
0
0
24
254
0
0
24
218
0
0
24
234
0
0
24
230
0
0
24
246
0
0
25
44
0
0
24
200
0
0
25
67
0
0
24
165
0
0
25
21
0
0
24
253
0
0
24
216
0
0
25
35
0
0
24
252
0
0
25
18
0
0
25
2
0
0
25
23
0
0
24
255
0
0
25
13
0
0
25
32
0
0
25
8
0
0
24
244
0
0
24
202
0
0
25
3
0
0
24
225
0
0
24
185
0
0
25
15
0
0
24
144
0
0
25
4
0
0
25
27
0
0
25
11
0
0
25
8
0
0
25
18
0
0
25
8
0
0
25
22
0
0
24
239
0
0
24
235
0
0
25
21
0
0
24
225
0
0
24
208
0
0
24
188
0
0
24
161
0
0
24
171
0
0
24
135
0
0
24
128
0
0
24
141
0
0
24
165
0
0
24
137
0
0
24
164
0
0
24
173
0
0
24
185
0
0
24
178
0
0
24
185
0
0
24
150
0
0
24
180
0
0
24
112
0
0
24
200
0
0
24
203
0
0
24
195
0
0
24
183
0
0
24
149
0
0
24
167
0
0
23
159
0
0
24
166
0
0
24
192
0
0
24
181
0
0
24
172
0
0
24
181
0
0
24
184
0
0
24
190
0
0
24
165
0
0
24
182
0
0
24
119
0
0
24
170
0
0
24
139
0
0
24
175
0
0
24
188
0
0
24
170
0
0
24
171
0
0
24
174
0
0
24
171
0
0
24
155
0
0
24
157
0
0
24
157
0
0
24
158
0
0
24
165
0
0
24
185
0
0
24
205
0
0
24
210
0
0
24
191
0
0
24
178
0
0
24
160
0
0
24
191
0
0
24
112
0
0
24
164
0
0
24
137
0
0
24
131
0
0
24
149
0
0
24
176
0
0
24
166
0
0
24
212
0
0
24
197
0
0
24
147
0
0
24
173
0
0
24
152
0
0
24
191
0
0
24
206
0
0
24
198
0
0
24
212
0
0
24
225
0
0
24
154
0
0
24
174
0
0
24
167
0
0
24
140
0
0
24
148
0
0
24
178
0
0
24
150
0
0
24
177
0
0
24
152
0
0
24
181
0
0
24
176
0
0
24
183
0
0
24
182
0
0
24
211
0
0
24
183
0
0
24
172
0
0
24
175
0
0
24
184
0
0
24
153
0
0
24
164
0
0
24
192
0
0
24
179
0
0
24
206
0
0
24
172
0
0
24
198
0
0
24
168
0
0
24
161
0
0
24
212
0
0
24
181
0
0
24
167
0
0
24
149
0
0
24
183
0
0
24
198
0
0
24
179
0
0
24
199
0
0
24
174
0
0
24
178
0
0
24
208
0
0
24
236
0
0
24
182
0
0
24
200
0
0
24
171
0
0
24
175
0
0
24
178
0
0
24
173
0
0
24
172
0
0
24
204
0
0
24
227
0
0
24
201
0
0
24
179
0
0
24
177
0
0
24
157
0
0
24
161
0
0
24
162
0
0
24
125
0
0
25
152
0
0
24
135
0
0
24
151
0
0
24
137
0
0
24
130
0
0
24
117
0
0
24
100
0
0
24
63
0
0
24
125
0
0
24
129
0
0
23
123
0
0
24
80
0
0
24
110
0
0
24
100
0
0
24
107
0
0
24
122
0
0
24
132
0
0
24
112
0
0
24
126
0
0
24
136
0
0
24
144
0
0
24
101
0
0
24
119
0
0
24
109
0
0
24
132
0
0
24
143
0
0
24
105
0
0
24
139
0
0
24
136
0
0
24
126
0
0
24
106
0
0
24
127
0
0
24
140
0
0
24
122
0
0
24
107
0
0
24
116
0
0
24
59
0
0
24
98
0
0
24
82
0
0
24
129
0
0
24
124
0
0
24
129
0
0
24
112
0
0
24
152
0
0
24
97
0
0
24
154
0
0
24
125
0
0
24
115
0
0
24
142
0
0
24
136
0
0
24
161
0
0
24
125
0
0
24
73
0
0
24
113
0
0
24
73
0
0
24
126
0
0
24
131
0
0
24
129
0
0
24
115
0
0
24
102
0
0
24
129
0
0
24
98
0
0
23
99
0
0
24
102
0
0
24
132
0
0
24
146
0
0
24
94
0
0
24
120
0
0
24
108
0
0
24
105
0
0
24
115
0
0
24
122
0
0
24
82
0
0
24
176
0
0
24
121
0
0
25
126
0
0
24
183
0
0
24
147
0
0
24
150
0
0
24
98
0
0
24
199
0
0
24
92
0
0
24
182
0
0
24
206
0
0
24
166
0
0
24
170
0
0
24
166
0
0
24
127
0
0
24
183
0
0
24
98
0
0
24
159
0
0
24
173
0
0
24
181
0
0
24
179
0
0
24
190
0
0
24
157
0
0
24
174
0
0
24
224
0
0
24
140
0
0
24
197
0
0
24
175
0
0
24
208
0
0
24
192
0
0
24
213
0
0
24
185
0
0
24
208
0
0
24
203
0
0
24
198
0
0
24
158
0
0
24
183
0
0
24
164
0
0
24
150
0
0
24
159
0
0
24
173
0
0
24
178
0
0
24
163
0
0
24
178
0
0
24
211
0
0
24
227
0
0
24
190
0
0
24
177
0
0
24
185
0
0
24
174
0
0
24
178
0
0
24
134
0
0
24
166
0
0
24
147
0
0
24
189
0
0
24
194
0
0
24
189
0
0
24
184
0
0
24
206
0
0
24
197
0
0
24
206
0
0
24
201
0
0
24
200
0
0
24
213
0
0
24
198
0
0
24
189
0
0
24
146
0
0
24
190
0
0
24
178
0
0
24
181
0
0
24
126
0
0
24
150
0
0
24
167
0
0
24
130
0
0
24
172
0
0
24
158
0
0
24
170
0
0
24
133
0
0
24
120
0
0
24
127
0
0
24
107
0
0
24
104
0
0
24
125
0
0
24
130
0
0
24
97
0
0
24
132
0
0
24
103
0
0
24
80
0
0
24
104
0
0
24
99
0
0
24
99
0
0
24
89
0
0
24
153
0
0
24
125
0
0
24
108
0
0
24
143
0
0
24
146
0
0
24
130
0
0
24
122
0
0
24
101
0
0
24
154
0
0
24
137
0
0
24
139
0
0
24
112
0
0
24
131
0
0
24
131
0
0
24
164
0
0
24
124
0
0
24
108
0
0
24
114
0
0
24
136
0
0
24
123
0
0
24
123
