29.491000
1.959000
2.014000
1.941000
2.061000
2.007000
1.926000
1.941000
1.931000
1.918000
2.073000
2.035000
1.950000
2.006000
1.939000
1.954000
1.974000
1.969000
2.019000
2.009000
2.186000
2.123000
2.055000
2.018000
1.925000
16.385000
21.297000
21.297000
21.298000
21.298000
21.298000
21.291000
21.297000
21.298000
21.298000
21.298000
21.297000
21.297000
21.291000
21.298000
21.298000
21.298000
21.297000
21.297000
21.297000
21.298000
21.292000
21.298000
21.298000
21.297000
21.297000
21.292000
21.298000
21.298000
21.298000
21.297000
21.297000
21.298000
21.298000
21.292000
21.298000
21.291000
21.297000
21.298000
21.298000
21.298000
21.292000
21.297000
21.297000
21.298000
21.298000
21.298000
21.298000
21.297000
21.297000
21.298000
21.298000
21.292000
21.297000
21.297000
21.298000
21.292000
21.298000
21.298000
21.297000
21.291000
21.292000
21.292000
21.298000
21.298000
21.291000
21.297000
21.292000
21.298000
21.298000
21.292000
21.291000
21.297000
21.298000
21.298000
21.292000
21.298000
21.291000
21.291000
21.552000
21.292000
21.298000
21.298000
21.297000
21.297000
21.298000
21.298000
21.298000
21.297000
21.291000
21.297000
21.292000
21.298000
21.298000
21.298000
21.297000
21.297000
21.291000
21.298000
21.292000
21.298000
21.291000
21.291000
21.291000
21.292000
21.298000
21.298000
21.291000
21.297000
21.297000
21.298000
21.298000
21.298000
21.297000
21.297000
21.041000
21.298000
21.298000
21.298000
21.297000
21.297000
21.291000
21.298000
21.298000
21.298000
21.291000
21.297000
21.297000
21.298000
21.298000
21.298000
21.297000
21.297000
21.291000
21.298000
21.298000
21.298000
21.297000
21.297000
21.291000
21.292000
21.298000
21.298000
21.297000
21.297000
21.297000
21.298000
21.298000
21.291000
21.297000
21.297000
21.298000
21.298000
21.292000
21.297000
21.291000
21.298000
21.298000
21.292000
21.298000
21.297000
21.297000
21.298000
21.558000
21.298000
21.297000
21.297000
21.298000
21.298000
21.298000
21.298000
21.291000
21.297000
21.298000
21.298000
21.292000
21.297000
21.297000
21.298000
21.298000
21.298000
21.298000
21.297000
21.292000
21.292000
21.298000
21.298000
21.297000
21.297000
21.298000
21.298000
21.292000
21.297000
21.297000
21.298000
21.298000
21.292000
21.298000
21.297000
21.297000
21.292000
21.298000
21.298000
21.298000
21.291000
21.291000
21.298000
21.298000
21.292000
21.298000
21.297000
21.297000
21.298000
21.298000
21.298000
21.298000
21.297000
21.297000
21.292000
21.298000
21.304000
21.291000
21.297000
21.297000
21.298000
21.298000
21.298000
21.297000
21.297000
21.297000
21.304000
21.298000
21.298000
21.297000
21.297000
21.297000
21.298000
21.292000
21.298000
21.291000
21.297000
21.297000
21.298000
21.298000
21.298000
21.297000
21.297000
21.297000
21.298000
21.298000
21.310000
21.297000
21.297000
21.297000
21.298000
21.298000
21.298000
21.291000
21.297000
21.291000
21.298000
21.298000
21.298000
21.297000
21.297000
21.291000
21.292000
21.298000
21.298000
21.297000
21.297000
21.297000
21.298000
21.298000
21.298000
21.297000
21.291000
21.297000
21.298000
21.298000
21.292000
21.297000
21.297000
21.297000
21.298000
21.298000
21.298000
21.291000
21.297000
21.291000
21.298000
21.292000
21.298000
21.291000
21.297000
21.297000
21.298000
21.298000
21.298000
21.298000
21.297000
21.297000
21.298000
21.292000
21.298000
21.298000
21.291000
21.298000
21.298000
21.292000
21.298000
21.297000
21.297000
21.298000
21.298000
21.298000
21.298000
21.297000
21.297000
21.298000
21.298000
21.298000
21.292000
21.297000
21.297000
21.298000
21.298000
21.298000
21.298000
21.297000
21.297000
21.298000
21.298000
21.292000
21.298000
21.297000
21.291000
21.298000
21.298000
21.298000
21.298000
21.297000
21.291000
21.298000
21.292000
21.298000
21.298000
21.297000
21.297000
21.298000
21.298000
21.298000
21.297000
21.297000
21.297000
21.292000
21.298000
21.298000
21.297000
21.297000
21.297000
21.298000
21.298000
21.297000
21.297000
21.297000
21.298000
21.298000
21.298000
21.297000
21.297000
21.297000
21.298000
21.298000
21.298000
21.297000
21.297000
21.297000
21.298000
21.298000
21.298000
21.297000
21.297000
21.291000
21.298000
21.298000
21.298000
21.297000
21.291000
21.297000
21.298000
21.298000
21.557000
21.297000
21.297000
21.298000
21.298000
21.298000
21.291000
21.297000
21.298000
21.298000
21.298000
21.297000
21.297000
21.297000
21.298000
21.298000
21.297000
21.297000
21.297000
21.292000
21.298000
21.292000
21.297000
21.297000
36.836000
21.298000
21.292000
21.297000
21.297000
21.297000
21.298000
21.298000
21.298000
21.297000
21.291000
21.298000
21.298000
21.298000
21.297000
21.291000
21.297000
21.298000
21.298000
21.298000
21.557000
21.291000
21.298000
21.298000
21.298000
21.298000
21.297000
21.297000
21.292000
21.298000
21.298000
21.297000
21.291000
21.298000
21.298000
21.298000
21.298000
21.297000
21.297000
21.298000
21.298000
21.298000
21.298000
21.297000
21.291000
21.298000
21.292000
21.298000
21.298000
21.297000
21.297000
21.298000
21.298000
21.298000
21.298000
21.297000
21.297000
21.292000
21.292000
21.298000
21.298000
21.297000
21.297000
21.298000
21.298000
21.298000
21.297000
21.297000
21.297000
21.292000
21.298000
21.298000
21.297000
21.297000
21.297000
21.298000
21.298000
21.292000
21.291000
21.297000
21.291000
21.292000
21.298000
21.298000
21.297000
21.291000
21.297000
21.298000
21.298000
21.298000
21.297000
21.297000
21.297000
21.298000
21.292000
21.298000
21.303000
21.297000
21.297000
21.298000
21.292000
21.298000
21.297000
21.291000
21.297000
21.298000
21.292000
21.298000
21.297000
21.297000
21.297000
21.298000
21.298000
21.292000
21.291000
21.291000
21.298000
21.298000
21.298000
21.297000
21.297000
21.297000
21.298000
21.558000
21.292000
21.297000
21.297000
21.291000
21.298000
21.298000
21.292000
21.297000
21.297000
21.297000
21.298000
21.292000
21.298000
21.297000
21.291000
21.297000
21.298000
21.298000
21.298000
21.291000
21.297000
21.297000
21.298000
21.292000
21.292000
21.297000
21.291000
21.297000
21.298000
21.558000
21.298000
21.297000
21.297000
21.297000
21.298000
21.298000
21.298000
21.298000
21.297000
21.297000
21.298000
21.298000
21.298000
21.292000
21.291000
21.297000
21.298000
21.298000
21.298000
21.298000
21.297000
21.297000
21.298000
21.298000
21.298000
21.298000
21.291000
21.297000
21.298000
21.298000
21.298000
21.298000
21.297000
21.297000
21.298000
21.298000
21.298000
21.298000
21.297000
21.297000
21.298000
21.298000
21.298000
21.298000
21.297000
21.297000
21.298000
21.298000
21.298000
21.292000
21.297000
21.297000
21.292000
21.298000
21.298000
21.297000
21.298000
21.292000
21.298000
21.298000
21.297000
21.298000
21.298000
21.298000
21.297000
21.297000
21.298000
21.298000
21.298000
21.297000
21.041000
21.292000
21.298000
21.298000
21.298000
21.291000
21.297000
21.297000
21.298000
21.298000
21.297000
21.297000
21.291000
21.298000
21.292000
21.298000
21.297000
21.297000
21.298000
21.292000
21.298000
21.297000
21.297000
21.297000
21.298000
21.298000
21.291000
21.297000
21.297000
21.298000
21.298000
21.298000
21.297000
21.297000
21.298000
21.297000
21.297000
21.297000
21.298000
21.298000
21.298000
21.297000
21.297000
21.297000
21.298000
21.298000
21.298000
21.297000
21.297000
21.297000
21.298000
21.298000
21.298000
21.291000
21.297000
21.297000
21.298000
21.298000
21.298000
21.297000
21.297000
21.309000
21.298000
21.298000
21.292000
21.297000
21.297000
21.035000
21.298000
21.292000
21.298000
21.297000
21.297000
21.297000
21.298000
21.298000
21.297000
21.297000
21.298000
21.298000
21.292000
21.298000
21.297000
21.297000
21.298000
21.292000
21.298000
21.298000
21.297000
21.291000
21.292000
21.298000
21.298000
21.298000
21.297000
21.297000
21.292000
21.292000
21.298000
21.292000
21.297000
21.297000
21.298000
21.298000
21.298000
21.298000
21.291000
21.297000
21.298000
21.036000
21.298000
21.292000
21.297000
21.291000
21.298000
21.298000
21.298000
21.298000
21.297000
21.297000
21.298000
21.298000
21.292000
21.292000
21.297000
21.291000
21.298000
21.298000
21.298000
21.292000
21.297000
21.297000
21.298000
21.298000
21.298000
21.292000
21.291000
21.297000
21.292000
21.292000
21.298000
21.042000
21.297000
21.297000
21.297000
21.292000
21.298000
21.292000
21.297000
21.297000
21.297000
21.298000
21.558000
21.298000
21.297000
21.297000
21.297000
21.298000
21.298000
21.042000
21.297000
21.297000
21.291000
21.298000
21.298000
21.298000
21.297000
21.297000
21.298000
21.292000
21.297000
21.291000
21.291000
21.298000
21.298000
21.297000
21.297000
21.298000
21.298000
21.298000
21.291000
21.291000
21.297000
21.292000
21.292000
21.297000
21.297000
21.291000
21.298000
21.298000
21.292000
21.297000
21.297000
21.297000
21.298000
21.298000
21.298000
21.297000
21.297000
21.297000
21.298000
21.298000
21.298000
21.298000
21.297000
21.298000
21.298000
21.298000
21.292000
21.297000
21.297000
21.042000
21.298000
21.298000
21.292000
21.297000
21.291000
21.298000
21.298000
21.298000
21.292000
36.830000
21.291000
21.292000
21.292000
21.298000
21.298000
21.297000
21.297000
21.292000
21.298000
21.292000
21.552000
21.291000
21.297000
21.298000
21.298000
21.298000
21.297000
21.297000
21.292000
21.298000
21.292000
21.298000
21.291000
21.297000
21.298000
21.292000
21.298000
21.297000
21.297000
21.292000
21.298000
21.298000
21.298000
21.291000
21.298000
21.298000
21.298000
21.298000
21.297000
21.297000
21.292000
21.298000
21.298000
21.297000
21.297000
21.298000
21.298000
21.298000
21.298000
21.297000
21.297000
21.298000
21.298000
21.298000
21.297000
21.291000
21.297000
21.298000
21.298000
21.298000
21.297000
21.297000
21.298000
21.298000
21.298000
21.297000
21.297000
21.297000
21.298000
21.292000
21.298000
21.297000
21.297000
21.297000
21.298000
21.298000
21.298000
21.291000
21.297000
21.297000
21.298000
21.298000
21.298000
21.297000
21.297000
21.297000
21.292000
21.298000
21.292000
21.297000
21.297000
21.297000
21.298000
21.298000
21.292000
21.297000
21.291000
21.297000
21.292000
21.298000
21.298000
21.297000
21.297000
21.291000
21.298000
21.298000
21.298000
21.297000
21.297000
21.297000
21.298000
21.292000
21.298000
21.297000
21.297000
21.297000
21.298000
21.292000
21.292000
21.297000
21.297000
21.298000
21.298000
21.298000
21.298000
21.297000
21.297000
21.292000
21.292000
21.298000
21.292000
21.291000
21.291000
21.298000
21.298000
21.298000
21.298000
21.297000
21.291000
21.298000
21.292000
21.298000
21.298000
21.297000
21.297000
21.298000
21.298000
21.298000
21.298000
21.291000
21.297000
21.298000
21.298000
21.292000
21.298000
21.291000
21.297000
21.298000
21.298000
21.298000
21.297000
21.291000
21.298000
21.298000
21.298000
21.298000
21.297000
21.297000
21.298000
21.298000
21.292000
21.298000
21.297000
21.297000
21.298000
21.298000
21.298000
21.298000
21.297000
21.297000
21.042000
21.298000
21.298000
21.298000
21.297000
21.297000
21.298000
21.298000
21.298000
21.298000
21.291000
21.291000
21.298000
21.292000
21.298000
21.298000
21.297000
21.297000
21.298000
21.298000
21.292000
21.298000
21.297000
21.291000
21.298000
21.298000
21.297000
21.297000
21.291000
21.292000
21.298000
21.298000
21.297000
21.297000
21.291000
21.292000
21.298000
21.298000
21.297000
21.297000
21.297000
21.292000
21.292000
21.298000
21.297000
21.297000
21.291000
21.298000
21.292000
21.298000
21.297000
21.297000
21.291000
21.298000
21.298000
21.298000
21.297000
21.291000
21.297000
21.298000
21.298000
21.298000
21.297000
21.297000
21.297000
21.292000
