11
0
108
136
12
0
103
70
13
0
108
114
14
0
106
119
15
0
106
88
16
0
108
122
17
0
107
103
18
0
108
108
19
0
107
110
20
0
107
104
21
0
105
104
22
0
107
105
23
0
108
110
24
0
108
106
25
0
108
111
26
0
108
109
27
0
107
106
28
0
107
106
29
0
107
106
30
0
107
105
31
0
107
106
32
0
106
105
33
0
107
107
34
0
107
107
35
0
108
107
36
0
107
107
37
0
106
105
38
0
107
107
39
0
106
104
40
0
104
102
41
0
107
108
42
0
107
106
43
0
108
107
44
0
107
109
45
0
107
107
46
0
107
107
47
0
106
104
48
0
107
107
49
0
106
105
50
0
106
105
51
0
106
106
52
0
107
106
53
0
106
105
54
0
107
107
55
0
108
109
56
0
107
106
57
0
107
108
58
0
106
106
59
0
105
103
60
0
105
104
61
0
107
106
62
0
108
107
63
0
107
107
64
0
107
108
65
0
106
106
66
0
106
105
67
0
105
104
68
0
107
106
69
0
105
104
70
0
106
105
71
0
108
109
72
0
107
105
73
0
107
108
74
0
105
105
75
0
108
107
76
0
108
107
77
0
104
102
78
0
108
110
79
0
108
107
80
0
107
105
81
0
108
111
82
0
106
105
83
0
107
106
84
0
106
105
85
0
107
105
86
0
107
107
87
0
107
106
88
0
108
108
89
0
106
105
90
0
107
107
91
0
108
108
92
0
107
105
93
0
107
108
94
0
106
106
95
0
107
106
96
0
106
105
97
0
107
106
101
0
105
105
102
0
104
103
103
0
104
103
104
0
106
104
105
0
107
106
106
0
106
106
107
0
106
107
108
0
107
107
109
0
102
100
110
0
107
107
111
0
106
105
112
0
103
100
113
0
105
108
114
0
97
94
115
0
103
101
116
0
88
84
117
0
76
67
118
0
105
107
119
0
95
86
120
0
64
63
121
0
104
130
122
0
103
90
123
0
101
98
124
0
99
167
125
0
103
101
126
0
97
86
127
0
103
110
128
0
106
102
129
0
103
97
130
0
106
122
131
0
104
102
132
0
100
99
133
0
95
98
134
0
70
60
135
0
98
101
136
0
102
87
138
0
96
80
139
0
98
156
140
0
99
96
141
0
103
97
142
0
103
104
143
0
102
108
144
0
97
102
145
0
102
105
146
0
97
85
147
0
104
108
148
0
100
96
149
0
102
105
150
0
105
109
151
0
98
90
152
0
105
116
154
0
103
95
155
0
92
87
158
0
105
119
159
0
104
87
160
0
100
97
161
0
77
89
162
0
104
112
163
0
105
83
164
0
102
94
165
0
103
149
166
0
105
102
167
0
103
97
168
0
105
110
169
0
107
106
170
0
108
106
171
0
104
107
172
0
106
113
173
0
100
94
174
0
106
107
175
0
101
93
176
0
107
109
177
0
105
104
178
0
105
105
179
0
107
112
180
0
95
88
181
0
105
114
182
0
85
69
183
0
106
114
184
0
103
96
185
0
106
102
186
0
101
120
187
0
102
103
188
0
105
104
189
0
104
97
190
0
104
108
191
0
103
105
192
0
105
104
193
0
105
103
194
0
98
96
195
0
105
111
196
0
99
90
197
0
87
82
198
0
105
115
199
0
104
90
200
0
104
104
201
0
106
125
202
0
106
104
203
0
104
104
204
0
99
100
205
0
103
104
206
0
106
101
207
0
105
101
208
0
106
112
209
0
104
105
210
0
106
106
211
0
107
106
212
0
103
100
213
0
107
111
216
0
83
72
217
0
95
100
218
0
99
94
220
0
93
71
221
0
102
122
222
0
100
97
224
0
103
105
225
0
105
112
226
0
105
104
227
0
107
112
228
0
102
101
229
0
99
100
230
0
84
77
231
0
102
105
234
0
61
30
235
0
70
68
238
0
68
72
240
0
90
89
242
0
86
92
9
1
86
95
13
1
90
108
14
1
72
55
15
1
89
101
31
1
97
101
32
1
102
95
33
1
99
120
34
1
95
107
35
1
104
112
36
1
100
89
37
1
98
101
38
1
100
107
39
1
99
92
40
1
99
98
41
1
99
100
42
1
94
90
43
1
101
105
44
1
97
91
45
1
103
106
46
1
100
101
47
1
103
105
48
1
102
104
49
1
104
104
50
1
101
101
51
1
104
106
52
1
100
97
53
1
100
99
54
1
93
90
55
1
96
94
57
1
98
96
58
1
101
98
59
1
96
96
60
1
100
104
61
1
104
105
62
1
102
98
64
1
100
104
65
1
96
96
66
1
91
86
67
1
95
93
68
1
97
94
70
1
107
110
71
1
102
103
72
1
102
108
74
1
70
63
93
1
96
98
97
1
84
80
98
1
80
63
99
1
70
76
100
1
74
66
102
1
72
67
103
1
84
88
104
1
71
65
137
1
79
84
140
1
78
82
141
1
81
77
142
1
99
116
144
1
83
71
145
1
68
75
149
1
88
101
150
1
80
63
151
1
90
95
152
1
83
90
155
1
73
65
157
1
84
94
158
1
96
97
159
1
88
75
160
1
96
124
164
1
101
108
165
1
102
97
166
1
99
111
167
1
93
98
168
1
104
109
169
1
93
76
170
1
101
111
171
1
104
106
172
1
91
75
173
1
100
120
175
1
89
76
176
1
101
103
177
1
99
97
178
1
98
94
179
1
97
108
180
1
104
105
181
1
97
89
182
1
94
99
183
1
102
108
184
1
97
83
185
1
96
99
186
1
93
96
187
1
83
72
188
1
87
87
189
1
101
104
190
1
93
78
191
1
95
111
192
1
100
110
193
1
103
97
194
1
105
110
196
1
94
95
197
1
92
98
198
1
97
95
199
1
96
84
200
1
100
103
201
1
99
101
202
1
97
97
203
1
90
89
204
1
97
99
205
1
86
75
210
1
78
71
212
1
81
82
213
1
92
92
214
1
87
79
215
1
83
87
217
1
73
72
227
1
84
84
228
1
92
95
229
1
87
80
230
1
86
97
235
1
94
102
236
1
94
89
237
1
90
90
238
1
96
105
239
1
98
96
240
1
82
72
52
2
86
94
53
2
86
81
55
2
90
82
61
2
80
76
62
2
87
92
64
2
81
77
65
2
82
77
66
2
102
117
67
2
103
99
69
2
97
107
70
2
104
128
71
2
106
102
72
2
101
96
74
2
86
90
75
2
104
110
77
2
106
95
78
2
89
74
79
2
105
138
80
2
87
67
81
2
102
110
82
2
103
105
83
2
96
80
84
2
103
128
86
2
102
94
87
2
92
83
88
2
86
93
89
2
103
105
91
2
98
78
92
2
98
107
94
2
98
112
95
2
100
95
96
2
93
87
97
2
96
101
98
2
98
96
99
2
98
92
100
2
96
99
101
2
90
88
103
2
96
99
104
2
96
90
106
2
94
90
108
2
95
101
109
2
98
98
111
2
101
101
112
2
103
106
113
2
99
101
114
2
96
100
115
2
97
97
116
2
98
93
117
2
96
92
118
2
97
99
120
2
100
101
121
2
85
75
123
2
97
106
124
2
92
86
125
2
98
96
126
2
103
112
127
2
96
89
128
2
91
98
130
2
101
106
131
2
94
81
132
2
99
104
133
2
99
103
134
2
88
78
135
2
94
101
137
2
104
105
138
2
100
88
140
2
85
91
141
2
91
101
142
2
100
95
143
2
100
88
144
2
77
76
145
2
84
97
146
2
92
87
147
2
91
71
149
2
90
102
150
2
90
97
152
2
81
73
153
2
95
103
154
2
63
35
155
2
88
105
157
2
88
93
158
2
90
70
159
2
95
132
161
2
92
88
162
2
85
91
164
2
87
94
166
2
83
70
167
2
89
88
169
2
82
73
171
2
87
93
172
2
79
73
173
2
75
69
175
2
87
95
176
2
93
88
177
2
95
100
179
2
98
120
180
2
94
99
181
2
99
109
182
2
93
87
183
2
96
100
184
2
97
96
185
2
104
102
186
2
104
105
187
2
102
109
188
2
102
111
189
2
96
92
191
2
100
101
193
2
100
93
194
2
104
102
196
2
103
105
197
2
92
92
198
2
102
111
199
2
99
86
200
2
99
96
201
2
107
117
202
2
98
87
203
2
103
115
204
2
85
78
205
2
97
100
206
2
87
76
207
2
91
86
208
2
98
105
211
2
88
73
213
2
98
113
215
2
103
104
216
2
98
90
218
2
99
116
219
2
97
97
220
2
97
93
221
2
100
100
223
2
92
85
224
2
98
104
225
2
97
93
226
2
94
89
228
2
95
100
229
2
94
90
230
2
104
107
231
2
84
71
232
2
97
111
233
2
99
97
234
2
102
92
235
2
99
111
238
2
92
93
240
2
97
100
242
2
96
88
243
2
98
96
245
2
93
93
248
2
93
94
250
2
101
103
252
2
96
87
253
2
99
106
255
2
97
99
2
3
103
103
4
3
102
102
6
3
101
103
7
3
103
108
9
3
100
96
12
3
100
100
14
3
102
102
16
3
95
89
17
3
101
105
19
3
101
98
22
3
98
94
24
3
102
108
26
3
100
97
27
3
98
97
29
3
97
98
31
3
103
103
32
3
93
85
33
3
106
114
34
3
99
95
35
3
104
106
36
3
102
107
37
3
102
99
38
3
98
99
39
3
100
99
41
3
98
95
42
3
104
104
43
3
101
100
44
3
102
104
45
3
103
106
47
3
97
92
49
3
99
101
50
3
103
102
52
3
101
96
53
3
103
107
54
3
103
104
55
3
101
99
56
3
103
105
57
3
100
97
58
3
104
105
59
3
99
97
60
3
104
105
62
3
102
101
63
3
104
103
64
3
101
102
65
3
103
103
66
3
103
103
67
3
99
96
68
3
105
108
69
3
100
96
70
3
100
99
71
3
101
102
72
3
102
99
73
3
103
103
74
3
105
106
75
3
104
104
76
3
98
97
77
3
103
105
78
3
101
97
79
3
100
97
80
3
103
106
81
3
99
96
82
3
96
94
83
3
101
102
84
3
93
86
86
3
92
90
87
3
101
104
88
3
95
88
89
3
92
92
90
3
101
107
91
3
102
99
92
3
99
99
93
3
103
110
94
3
104
104
95
3
105
105
96
3
92
89
97
3
103
106
98
3
103
100
99
3
103
99
100
3
103
110
101
3
102
101
102
3
102
101
103
3
105
105
104
3
104
103
105
3
104
105
106
3
103
104
107
3
99
96
108
3
99
98
109
3
100
98
110
3
102
100
111
3
105
106
112
3
97
95
113
3
94
94
114
3
97
96
115
3
98
93
116
3
101
101
117
3
99
100
118
3
101
103
119
3
95
93
120
3
101
102
121
3
100
99
122
3
104
104
123
3
96
96
124
3
97
97
125
3
93
91
126
3
95
91
127
3
102
104
128
3
98
95
129
3
96
98
130
3
102
106
131
3
99
95
132
3
103
105
133
3
101
103
134
3
97
94
135
3
96
96
136
3
95
92
137
3
95
92
138
3
99
99
139
3
93
90
140
3
90
88
141
3
105
110
142
3
104
102
143
3
105
109
144
3
105
113
145
3
98
95
146
3
100
100
147
3
99
96
148
3
99
95
149
3
86
81
150
3
96
96
151
3
94
92
152
3
95
91
153
3
101
108
154
3
102
102
155
3
102
104
156
3
94
94
157
3
97
97
158
3
100
99
159
3
94
88
160
3
103
108
161
3
101
101
162
3
99
97
163
3
96
98
164
3
102
102
165
3
101
99
166
3
92
88
167
3
100
104
168
3
101
99
169
3
95
90
170
3
99
104
171
3
99
98
172
3
100
98
173
3
98
99
174
3
99
99
175
3
98
97
176
3
92
88
177
3
99
100
178
3
101
100
179
3
105
106
180
3
102
106
181
3
98
99
182
3
100
101
183
3
98
94
184
3
102
101
185
3
102
103
186
3
94
91
187
3
99
101
188
3
98
96
189
3
99
96
190
3
98
100
191
3
100
100
192
3
99
99
193
3
99
99
194
3
100
101
195
3
102
102
196
3
95
92
197
3
96
96
198
3
99
99
199
3
99
96
200
3
99
100
201
3
104
107
202
3
94
90
203
3
96
97
204
3
98
98
205
3
100
96
206
3
97
97
207
3
97
98
208
3
97
96
209
3
100
99
210
3
98
97
211
3
101
102
212
3
99
99
213
3
98
97
214
3
94
93
215
3
102
102
216
3
99
97
217
3
93
90
218
3
102
107
219
3
96
92
220
3
90
86
221
3
97
100
222
3
100
98
223
3
102
102
224
3
102
107
225
3
96
96
226
3
100
101
227
3
100
98
228
3
99
96
229
3
99
101
230
3
98
97
231
3
100
100
232
3
101
101
233
3
104
105
234
3
99
99
235
3
102
104
236
3
99
98
237
3
97
94
238
3
96
95
239
3
96
93
240
3
98
97
241
3
99
99
243
3
97
97
244
3
101
103
245
3
101
101
246
3
97
95
247
3
94
94
248
3
96
94
249
3
99
97
250
3
101
101
251
3
98
99
253
3
101
103
254
3
95
93
255
3
98
97
0
4
103
105
1
4
96
92
2
4
101
104
3
4
95
94
4
4
104
104
5
4
100
100
7
4
98
96
8
4
97
99
9
4
96
92
10
4
97
95
11
4
101
102
12
4
102
103
13
4
93
91
14
4
101
104
15
4
96
93
17
4
103
102
18
4
100
102
20
4
99
98
21
4
97
98
22
4
86
79
23
4
95
94
24
4
96
95
25
4
97
95
27
4
100
106
28
4
93
91
29
4
98
99
30
4
98
98
31
4
95
91
32
4
90
89
33
4
91
89
35
4
98
98
36
4
92
89
37
4
98
101
38
4
91
91
39
4
98
98
40
4
97
99
41
4
93
89
42
4
97
100
43
4
95
93
45
4
95
93
46
4
91
90
47
4
98
98
48
4
96
95
49
4
96
95
50
4
96
98
51
4
95
93
52
4
98
98
53
4
93
91
55
4
101
103
56
4
100
101
57
4
100
100
59
4
100
103
60
4
101
100
61
4
91
87
64
4
96
95
65
4
97
96
66
4
99
96
67
4
90
89
68
4
81
76
69
4
73
65
70
4
91
90
71
4
91
93
72
4
91
92
73
4
86
91
74
4
92
92
75
4
86
84
76
4
92
92
77
4
92
94
78
4
91
89
79
4
97
101
80
4
90
88
81
4
89
88
82
4
103
107
83
4
99
97
84
4
88
89
85
4
101
107
86
4
105
103
87
4
105
104
88
4
105
114
89
4
105
107
90
4
102
101
91
4
104
104
92
4
101
99
93
4
103
102
94
4
101
100
95
4
106
106
96
4
96
94
97
4
97
97
98
4
88
84
99
4
102
99
100
4
99
98
101
4
104
106
102
4
103
109
103
4
101
100
104
4
98
99
105
4
105
105
106
4
105
104
107
4
100
99
108
4
105
109
109
4
104
102
110
4
102
100
111
4
104
106
112
4
99
96
113
4
102
101
114
4
104
104
115
4
104
102
116
4
102
103
117
4
103
103
118
4
88
83
120
4
100
99
121
4
102
101
122
4
102
99
123
4
93
97
124
4
102
103
125
4
103
101
126
4
102
100
127
4
92
94
128
4
92
90
129
4
90
85
130
4
97
94
131
4
97
98
132
4
73
67
133
4
93
95
134
4
88
85
135
4
105
106
136
4
100
109
137
4
106
111
138
4
104
110
139
4
93
89
140
4
104
106
141
4
105
102
142
4
104
102
143
4
77
77
145
4
106
106
146
4
108
104
147
4
106
103
148
4
108
131
149
4
107
106
150
4
107
106
151
4
108
108
152
4
106
104
153
4
106
106
154
4
108
107
155
4
107
105
156
4
106
107
157
4
106
106
158
4
108
107
159
4
108
107
160
4
107
107
161
4
105
105
162
4
106
105
163
4
107
105
164
4
108
107
165
4
107
108
166
4
107
108
167
4
106
105
168
4
105
104
169
4
108
107
170
4
106
104
171
4
108
109
172
4
108
108
173
4
106
105
174
4
105
105
175
4
106
105
176
4
108
106
177
4
108
108
178
4
108
109
179
4
105
105
180
4
105
104
181
4
108
107
182
4
108
106
183
4
108
109
184
4
108
109
185
4
103
102
186
4
105
104
187
4
107
105
188
4
108
106
189
4
106
107
190
4
108
109
191
4
106
105
192
4
108
107
193
4
108
108
194
4
106
105
195
4
108
108
196
4
107
106
197
4
107
106
198
4
106
106
199
4
106
105
200
4
106
105
201
4
108
107
202
4
107
107
203
4
108
108
204
4
106
106
205
4
108
107
206
4
108
108
207
4
107
106
208
4
107
107
209
4
107
106
210
4
106
105
211
4
108
108
212
4
106
105
213
4
105
104
214
4
108
108
215
4
108
107
216
4
106
106
217
4
106
106
218
4
107
106
219
4
108
107
220
4
108
108
221
4
106
106
222
4
106
105
223
4
106
105
224
4
107
106
225
4
106
106
226
4
106
106
227
4
108
108
228
4
108
108
229
4
108
108
230
4
108
108
231
4
108
108
232
4
105
104
233
4
106
105
234
4
108
107
235
4
105
104
236
4
107
107
237
4
108
108
238
4
106
105
239
4
108
109
240
4
105
104
241
4
105
104
242
4
106
105
243
4
106
105
244
4
107
107
245
4
107
107
246
4
106
106
247
4
108
108
248
4
108
108
249
4
108
108
250
4
108
108
251
4
107
106
253
4
106
105
254
4
108
107
255
4
106
105
0
5
107
106
1
5
107
107
2
5
108
107
3
5
108
108
4
5
108
108
5
5
108
108
6
5
106
105
7
5
107
106
8
5
107
106