11
0
100
100
12
0
100
100
13
0
100
100
14
0
100
100
15
0
100
100
16
0
100
100
17
0
100
100
18
0
100
100
19
0
100
100
20
0
100
100
21
0
100
100
22
0
100
100
24
0
95
95
25
0
96
96
26
0
96
90
27
0
96
96
28
0
96
96
29
0
96
96
30
0
96
96
31
0
96
96
32
0
96
97
33
0
96
97
34
0
97
97
35
0
97
97
36
0
97
97
37
0
97
97
38
0
97
97
39
0
97
97
40
0
97
97
41
0
97
97
42
0
97
97
43
0
97
97
44
0
97
97
45
0
97
97
46
0
97
97
47
0
97
97
48
0
97
97
49
0
97
98
50
0
98
98
51
0
98
98
52
0
98
98
53
0
98
98
54
0
98
98
55
0
98
98
56
0
98
98
57
0
98
98
58
0
98
98
59
0
98
98
60
0
98
98
61
0
98
98
62
0
98
98
63
0
98
98
65
0
96
96
67
0
95
95
69
0
94
92
70
0
94
92
72
0
93
91
73
0
93
93
74
0
93
91
86
0
81
81
87
0
81
82
88
0
81
68
89
0
82
82
90
0
82
82
91
0
82
82
92
0
82
82
93
0
82
83
94
0
82
83
95
0
83
83
96
0
83
83
97
0
83
83
98
0
83
83
100
0
83
83
102
0
82
82
103
0
82
81
104
0
82
81
105
0
82
83
106
0
83
83
108
0
82
82
109
0
82
82
110
0
82
82
111
0
82
83
112
0
83
83
113
0
83
83
114
0
83
83
115
0
83
83
116
0
83
83
117
0
83
83
118
0
83
84
119
0
84
84
123
0
82
82
124
0
82
82
125
0
82
80
127
0
81
82
128
0
82
82
129
0
82
81
130
0
82
82
132
0
81
81
133
0
81
82
134
0
82
81
135
0
82
82
136
0
82
82
137
0
82
82
138
0
82
82
139
0
82
82
140
0
82
82
141
0
82
83
142
0
83
83
148
0
80
80
149
0
80
80
150
0
80
77
151
0
80
80
153
0
80
80
154
0
80
80
155
0
80
80
156
0
80
80
157
0
80
81
158
0
81
81
159
0
81
81
160
0
81
81
161
0
81
81
162
0
81
81
163
0
81
81
164
0
81
81
165
0
81
81
166
0
81
82
167
0
82
82
168
0
82
82
169
0
82
82
170
0
82
82
171
0
82
82
172
0
82
82
173
0
82
82
174
0
82
82
175
0
82
82
176
0
82
83
177
0
83
83
178
0
83
83
179
0
83
83
180
0
83
83
182
0
82
83
183
0
83
83
185
0
82
82
186
0
82
82
187
0
82
82
188
0
82
83
189
0
83
83
190
0
83
83
191
0
83
83
192
0
83
83
193
0
83
83
194
0
83
83
198
0
82
82
199
0
82
82
203
0
81
79
204
0
81
81
209
0
79
78
210
0
79
80
211
0
80
78
220
0
77
77
221
0
77
77
223
0
77
74
224
0
77
77
226
0
76
76
227
0
77
77
228
0
77
76
229
0
77
77
230
0
77
77
231
0
77
77
232
0
77
77
233
0
77
77
234
0
77
77
235
0
77
77
236
0
77
78
237
0
78
78
238
0
78
78
239
0
78
78
240
0
78
78
241
0
78
78
242
0
78
78
243
0
78
78
244
0
78
78
245
0
78
78
246
0
78
78
248
0
78
78
249
0
78
78
250
0
78
78
251
0
78
78
252
0
78
79
253
0
79
79
254
0
79
79
255
0
79
79
0
1
79
79
1
1
79
79
2
1
79
79
3
1
79
79
4
1
79
79
5
1
79
79
6
1
79
79
7
1
79
79
8
1
79
80
10
1
79
79
11
1
79
79
12
1
79
79
13
1
79
80
14
1
79
80
15
1
80
80
16
1
80
80
17
1
80
80
18
1
80
80
20
1
80
80
21
1
80
80
22
1
80
79
23
1
80
80
24
1
80
80
25
1
80
80
26
1
80
80
27
1
80
80
36
1
78
78
37
1
78
78
38
1
78
76
39
1
78
78
40
1
78
78
41
1
78
78
42
1
78
78
43
1
78
79
44
1
79
79
45
1
79
79
46
1
79
79
47
1
79
79
48
1
79
79
49
1
79
79
50
1
79
79
51
1
79
79
52
1
79
79
53
1
79
79
55
1
79
79
57
1
79
79
58
1
79
79
60
1
79
78
63
1
78
78
64
1
78
78
65
1
78
78
66
1
78
78
69
1
78
78
72
1
78
78
73
1
78
77
75
1
77
77
76
1
78
78
77
1
78
77
78
1
78
78
79
1
78
78
80
1
78
78
81
1
78
78
82
1
78
78
83
1
78
78
85
1
78
78
86
1
78
78
88
1
78
78
89
1
78
78
90
1
78
78
91
1
78
78
92
1
78
78
93
1
78
78
94
1
78
78
95
1
78
78
96
1
78
78
97
1
78
78
98
1
78
78
99
1
78
78
100
1
78
78
101
1
78
79
102
1
79
79
103
1
79
79
104
1
79
79
105
1
79
79
106
1
79
79
107
1
79
79
108
1
79
79
109
1
79
79
110
1
79
79
111
1
79
79
112
1
79
79
113
1
79
79
114
1
79
79
115
1
79
79
116
1
79
79
117
1
79
79
118
1
79
80
119
1
80
80
120
1
80
80
122
1
79
79
123
1
79
80
124
1
80
79
127
1
79
79
128
1
79
79
129
1
79
79
130
1
79
79
131
1
79
79
132
1
79
79
133
1
79
80
134
1
80
80
135
1
80
80
143
1
78
78
144
1
78
78
146
1
78
77
147
1
78
78
148
1
78
78
149
1
78
78
151
1
78
78
152
1
78
78
153
1
78
78
154
1
78
78
157
1
78
78
158
1
78
78
162
1
77
77
163
1
78
78
164
1
78
77
165
1
78
78
166
1
78
78
167
1
78
78
169
1
78
78
69
3
39
38
75
3
39
47
77
3
39
250
79
3
39
40
84
3
39
39
109
3
38
38
110
3
38
38
121
3
38
36
247
3
33
32
4
4
33
33
148
4
29
22
157
4
29
29
159
4
29
24
172
4
28
28
176
4
28
29
184
4
28
28
185
4
28
28
188
4
28
28
212
4
28
28
225
4
28
28
240
4
27
27
242
4
27
27
243
4
28
27
68
5
26
26
86
5
26
26
98
5
25
24
100
5
26
25
139
5
25
25
156
5
25
25
177
5
24
24
213
5
24
23
220
5
24
24
233
5
24
23
234
5
24
24
237
5
24
24
248
5
24
24
255
5
24
24
12
6
23
23
14
6
23
23
19
6
23
23
22
6
23
23
23
6
23
23
28
6
23
23
29
6
24
24
62
6
23
23
64
6
23
23
99
6
23
22
111
6
23
23
113
6
23
22
132
6
22
22
136
6
22
23
188
6
22
21
200
6
22
22
227
6
21
21
234
6
21
21
241
6
21
21
251
6
21
21
0
7
21
21
2
7
21
21
3
7
21
21
10
7
21
21
12
7
21
21
13
7
21
21
21
7
21
21
22
7
21
21
24
7
21
21
25
7
21
22
26
7
22
22
28
7
22
22
29
7
22
22
33
7
22
22
35
7
22
22
36
7
22
22
37
7
22
22
39
7
22
22
42
7
22
22
53
7
22
22
56
7
22
22
59
7
22
22
60
7
22
22
61
7
22
22
62
7
22
22
63
7
22
22
64
7
22
22
65
7
22
22
66
7
22
22
67
7
22
22
68
7
22
22
69
7
22
22
70
7
22
22
71
7
22
22
72
7
22
22
73
7
22
22
74
7
22
22
75
7
22
22
76
7
22
22
77
7
22
23
78
7
22
23
79
7
23
23
80
7
23
23
81
7
23
23
82
7
23
23
83
7
23
23
84
7
23
23
85
7
23
23
86
7
23
23
87
7
23
23
88
7
23
23
89
7
23
23
90
7
23
23
91
7
23
23
92
7
23
23
93
7
23
23
94
7
23
23
95
7
23
23
96
7
23
23
97
7
23
23
98
7
23
23
99
7
23
23
100
7
23
23
101
7
23
23
102
7
23
24
103
7
24
24
104
7
24
24
105
7
24
24
106
7
24
24
107
7
24
24
108
7
24
24
109
7
24
24
110
7
24
24
111
7
24
24
112
7
24
24
113
7
24
24
114
7
24
24
115
7
24
24
116
7
24
24
117
7
24
24
118
7
24
24
119
7
24
24
120
7
24
24
121
7
24
24
122
7
24
24
123
7
24
24
124
7
24
24
125
7
24
24
126
7
24
24
127
7
24
25
128
7
25
25
129
7
25
25
130
7
25
25
131
7
25
25
132
7
25
25
133
7
25
25
134
7
25
25
135
7
25
25
136
7
25
25
137
7
25
25
138
7
25
25
139
7
25
25
140
7
25
25
141
7
25
25
142
7
25
25
143
7
25
25
144
7
25
25
145
7
25
25
146
7
25
25
147
7
25
25
148
7
25
25
149
7
25
25
150
7
25
25
151
7
25
25
152
7
25
25
153
7
25
26
154
7
26
26
155
7
26
26
156
7
26
26
157
7
26
26
158
7
26
26
159
7
26
26
160
7
26
26
161
7
26
26
162
7
26
26
163
7
26
26
164
7
26
26
165
7
26
26
166
7
26
26
167
7
26
26
168
7
26
26
169
7
26
26
170
7
26
26
171
7
26
26
172
7
26
26
173
7
26
26
174
7
26
26
175
7
26
26
176
7
26
26
177
7
26
26
178
7
26
26
179
7
26
26
180
7
26
27
181
7
27
27
182
7
27
27
183
7
27
27
184
7
27
27
185
7
27
27
186
7
27
27
187
7
27
27
188
7
27
27
189
7
27
27
190
7
27
27
191
7
27
27
192
7
27
27
193
7
27
27
194
7
27
27
195
7
27
27
196
7
27
27
197
7
27
27
198
7
27
27
199
7
27
27
200
7
27
27
201
7
27
27
202
7
27
27
203
7
27
27
204
7
27
27
205
7
27
27
206
7
27
27
207
7
27
28
208
7
27
28
209
7
28
28
210
7
28
28
211
7
28
28
212
7
28
28
213
7
28
28
214
7
28
28
215
7
28
28
216
7
28
28
217
7
28
28
218
7
28
28
219
7
28
28
220
7
28
28
221
7
28
28
222
7
28
28
223
7
28
28
224
7
28
28
225
7
28
28
226
7
28
28
227
7
28
28
228
7
28
28
229
7
28
28
230
7
28
28
231
7
28
28
232
7
28
28
233
7
28
28
234
7
28
28
235
7
28
28
236
7
28
29
237
7
29
29
238
7
29
29
239
7
29
29
240
7
29
29
241
7
29
29
242
7
29
29
243
7
29
29
244
7
29
29
245
7
29
29
246
7
29
29
247
7
29
29
248
7
29
29
249
7
29
29
250
7
29
29
251
7
29
29
252
7
29
29
253
7
29
29
254
7
29
29
255
7
29
29
0
8
29
29
1
8
29
29
2
8
29
29
3
8
29
29
4
8
29
29
5
8
29
29
6
8
29
29
7
8
29
29
8
8
29
30
9
8
29
30
10
8
30
30
11
8
30
30
12
8
30
30
13
8
30
30
14
8
30
30
15
8
30
30
16
8
30
30
17
8
30
30
18
8
30
30
19
8
30
30
20
8
30
30
21
8
30
30
22
8
30
30
23
8
30
30
24
8
30
30
25
8
30
30
26
8
30
30
27
8
30
30
28
8
30
30
29
8
30
30
30
8
30
30
31
8
30
30
32
8
30
30
33
8
30
30
34
8
30
30
35
8
30
30
36
8
30
30
37
8
30
30
38
8
30
31
39
8
31
31
40
8
31
31
41
8
31
31
42
8
31
31
43
8
31
31
44
8
31
31
45
8
31
31
46
8
31
31
47
8
31
31
48
8
31
31
49
8
31
31
50
8
31
31
51
8
31
31
52
8
31
31
53
8
31
31
54
8
31
31
55
8
31
31
56
8
31
31
57
8
31
31
58
8
31
31
59
8
31
31
60
8
31
31
61
8
31
31
62
8
31
31
63
8
31
31
64
8
31
31
65
8
31
31
66
8
31
31
67
8
31
31
68
8
31
31
69
8
31
32
70
8
32
32
71
8
32
32
72
8
32
32
73
8
32
32
74
8
32
32
75
8
32
32
76
8
32
32
77
8
32
32
78
8
32
32
79
8
32
32
80
8
32
32
81
8
32
32
82
8
32
32
83
8
32
32
84
8
32
32
85
8
32
32
86
8
32
32
87
8
32
32
88
8
32
32
89
8
32
32
91
8
32
32
92
8
32
32
93
8
32
32
94
8
32
32
95
8
32
32
96
8
32
32
97
8
32
32
98
8
32
32
99
8
32
32
100
8
32
32
101
8
32
32
102
8
32
33
103
8
33
33
104
8
33
33
105
8
33
33
106
8
33
33
107
8
33
33
108
8
33
33
109
8
33
33
110
8
33
33
111
8
33
33
112
8
33
33
113
8
33
33
114
8
33
33
115
8
33
33
116
8
33
33
117
8
33
33
118
8
33
33
119
8
33
33
120
8
33
33
121
8
33
33
122
8
33
33
123
8
33
33
124
8
33
33
125
8
33
33
126
8
33
33
127
8
33
33
128
8
33
33
129
8
33
33
130
8
33
33
131
8
33
33
132
8
33
33
133
8
33
33
136
8
33
33
137
8
33
34
138
8
33
33
139
8
34
34
140
8
34
34
141
8
34
34
142
8
34
34
143
8
34
34
144
8
34
34
145
8
34
34
146
8
34
34
147
8
34
34
148
8
34
34
149
8
34
34
150
8
34
34
151
8
34
34
152
8
34
34
153
8
34
34
154
8
34
34
155
8
34
34
156
8
34
34
157
8
34
34
158
8
34
34
159
8
34
34
160
8
34
34
161
8
34
34
162
8
34
34
163
8
34
34
164
8
34
34
165
8
34
34
166
8
34
34
167
8
34
34
168
8
34
34
169
8
34
34
170
8
34
34
171
8
34
35
172
8
35
35
173
8
35
35
174
8
35
35
175
8
35
35
176
8
35
35
177
8
35
35
178
8
35
35
179
8
35
35
180
8
35
35
181
8
35
35
182
8
35
35
183
8
35
35
184
8
35
35
185
8
35
35
186
8
35
35
187
8
35
35
188
8
35
35
189
8
35
35
190
8
35
35
191
8
35
35
192
8
35
35
193
8
35
35
194
8
35
35
195
8
35
35
196
8
35
35
197
8
35
35
198
8
35
35
199
8
35
35
200
8
35
35
201
8
35
35
202
8
35
35
203
8
35
35
204
8
35
35
205
8
35
35
206
8
35
36
207
8
36
36
208
8
36
36
209
8
36
36
210
8
36
36
212
8
36
36
213
8
36
36
214
8
36
36
215
8
36
36
216
8
36
36
217
8
36
36
218
8
36
36
219
8
36
36
220
8
36
36
221
8
36
36
222
8
36
36
223
8
36
36
224
8
36
36
225
8
36
36
226
8
36
36
227
8
36
36
228
8
36
36
229
8
36
36
230
8
36
36
231
8
36
36
232
8
36
36
233
8
36
36
234
8
36
36
235
8
36
36
236
8
36
36
237
8
36
36
238
8
36
36
239
8
36
36
240
8
36
36
241
8
36
36
242
8
36
36
243
8
36
37
244
8
36
37
245
8
37
37
246
8
37
37
247
8
37
37
248
8
37
37
249
8
37
37
250
8
37
37
251
8
37
37
252
8
37
37
253
8
37
37
254
8
37
37
255
8
37
37
0
9
37
37
1
9
37
37
2
9
37
37
3
9
37
37
4
9
37
37
5
9
37
37
6
9
37
37
7
9
37
37
8
9
37
37
9
9
37
37
10
9
37
37
11
9
37
37
12
9
37
37
13
9
37
37
14
9
37
37
15
9
37
37
16
9
37
37
17
9
37
37
18
9
37
37
19
9
37
37
20
9
37
37
21
9
37
37
22
9
37
37
23
9
37
37
24
9
37
38
25
9
37
38
26
9
38
38
28
9
38
38
29
9
38
38
30
9
38
38
31
9
38
38
32
9
38
38
33
9
38
38
34
9
38
38
35
9
38
38
36
9
38
38
37
9
38
38
38
9
38
38
39
9
38
38
40
9
38
38
41
9
38
38
42
9
38
38
43
9
38
38
44
9
38
38
45
9
38
38
46
9
38
38
47
9
38
38
48
9
38
38
49
9
38
38
50
9
38
38
51
9
38
38
52
9
38
38
53
9
38
38
54
9
38
38
55
9
38
38
56
9
38
38
57
9
38
38
58
9
38
38
59
9
38
38
60
9
38
38
61
9
38
38
62
9
38
38
63
9
38
38
64
9
38
39
65
9
39
39
66
9
39
39
67
9
39
39
68
9
39
39
69
9
39
39
70
9
39
39
71
9
39
39
72
9
39
39
73
9
39
39
74
9
39
39
75
9
39
39
77
9
39
39
78
9
39
39
79
9
39
39
80
9
39
39
81
9
39
39
82
9
39
39
83
9
39
39
84
9
39
39
85
9
39
39
86
9
39
39
87
9
39
39
88
9
39
39
89
9
39
39
90
9
39
39
91
9
39
39
92
9
39
39
93
9
39
39
94
9
39
39
95
9
39
39
96
9
39
39
97
9
39
39
98
9
39
39
99
9
39
39
100
9
39
39
101
9
39
39
102
9
39
39
103
9
39
39
104
9
39
39
105
9
39
40
106
9
40
40
107
9
40
40
108
9
40
40
109
9
40
40
110
9
40
40
111
9
40
40
112
9
40
40
113
9
40
40
114
9
40
40
115
9
40
40
116
9
40
40
117
9
40
40
118
9
40
40
119
9
40
40
120
9
40
40
121
9
40
40
122
9
40
40
123
9
40
40
124
9
40
40
125
9
40
40
126
9
40
40
127
9
40
40
128
9
40
40
129
9
40
40
130
9
40
40
131
9
40
40
132
9
40
40
133
9
40
40
134
9
40
40
135
9
40
40
136
9
40
40
137
9
40
40
138
9
40
40
139
9
40
40
140
9
40
40
141
9
40
40
142
9
40
40
143
9
40
40
144
9
40
40
145
9
40
40
146
9
40
41
147
9
41
41
148
9
41
41
149
9
41
41
150
9
41
41
151
9
41
41
152
9
41
41
153
9
41
41
154
9
41
41
155
9
41
41
156
9
41
41
157
9
41
41
158
9
41
41
159
9
41
41
160
9
41
41
161
9
41
41
162
9
41
41
163
9
41
41
164
9
41
41
165
9
41
41
166
9
41
41
167
9
41
41
168
9
41
41
169
9
41
41
170
9
41
41
171
9
41
41
172
9
41
41
173
9
41
41
174
9
41
41
175
9
41
41
176
9
41
41
177
9
41
41
178
9
41
41
179
9
41
41
180
9
41
41
181
9
41
41
182
9
41
41
183
9
41
41
184
9
41
41
185
9
41
41
186
9
41
41
187
9
41
41
188
9
41
42
189
9
41
42
190
9
42
42
191
9
42
42
192
9
42
42
193
9
42
42
194
9
42
42
195
9
42
42
196
9
42
42
198
9
42
42
199
9
42
42
200
9
42
42
201
9
42
42
202
9
42
42
203
9
42
42
204
9
42
42
205
9
42
42
206
9
42
42
207
9
42
42
208
9
42
42
209
9
42
42
210
9
42
42
211
9
42
42
212
9
42
42
213
9
42
42
214
9
42
42
215
9
42
42
216
9
42
42
217
9
42
42
218
9
42
42
219
9
42
42
220
9
42
42
221
9
42
42
222
9
42
42
223
9
42
42
224
9
42
42
225
9
42
42
226
9
42
42
227
9
42
42
228
9
42
42
229
9
42
42
230
9
42
42
231
9
42
42
232
9
42
42
233
9
42
42
234
9
42
43
235
9
43
43
236
9
43
43
237
9
43
43
238
9
43
43
239
9
43
43
240
9
43
43
241
9
43
43
242
9
43
43
243
9
43
43
244
9
43
43
245
9
43
43
246
9
43
43
247
9
43
43
248
9
43
43
249
9
43
43
250
9
43
43
251
9
43
43
252
9
43
43
253
9
43
43
254
9
43
43
255
9
43
43
0
10
43
43
1
10
43
43
2
10
43
43
3
10
43
43
4
10
43
43
5
10
43
43
6
10
43
43
7
10
43
43
8
10
43
43
9
10
43
43
10
10
43
43
11
10
43
43
12
10
43
43
13
10
43
43
14
10
43
43
15
10
43
43
16
10
43
43
17
10
43
43
18
10
43
43
19
10
43
43
20
10
43
43
21
10
43
43
22
10
43
43
23
10
43
44
24
10
44
44
25
10
44
44
26
10
44
44
27
10
44
44
28
10
44
44
29
10
44
44
30
10
44
44
31
10
44
44
32
10
44
44
33
10
44
44
34
10
44
44
35
10
44
44
36
10
44
44
37
10
44
44
38
10
44
44
39
10
44
44
40
10
44
44
41
10
44
44
42
10
44
44
43
10
44
44
44
10
44
44
45
10
44
44
46
10
44
44
47
10
44
44
48
10
44
44
49
10
44
44
50
10
44
44
51
10
44
44
52
10
44
44
53
10
44
44
54
10
44
44
55
10
44
44
56
10
44
44
57
10
44
44
58
10
44
44
59
10
44
44
60
10
44
44
61
10
44
44
62
10
44
44
63
10
44
44
64
10
44
44
65
10
44
44
66
10
44
44
67
10
44
44
68
10
44
44
69
10
44
44
70
10
44
45
71
10
45
45
72
10
45
45
73
10
45
45
74
10
45
45
75
10
45
45
76
10
45
45
77
10
45
45
78
10
45
45
79
10
45
45
80
10
45
45
81
10
45
45