11
0
210
201
12
0
215
205
13
0
217
219
14
0
219
231
15
0
221
225
16
0
221
223
17
0
221
223
18
0
219
217
19
0
218
216
20
0
221
220
21
0
221
220
22
0
221
224
23
0
221
220
24
0
221
221
25
0
221
221
26
0
221
221
27
0
220
219
29
0
221
221
30
0
221
220
31
0
217
215
32
0
215
213
33
0
220
218
34
0
217
215
35
0
217
221
36
0
215
210
38
0
217
218
39
0
217
215
40
0
217
218
41
0
216
215
42
0
215
214
43
0
220
221
44
0
221
221
45
0
220
223
46
0
218
216
47
0
219
218
48
0
215
211
49
0
216
216
50
0
219
217
51
0
217
217
52
0
219
221
53
0
218
215
54
0
219
221
55
0
219
218
56
0
217
217
57
0
214
212
58
0
218
217
59
0
220
219
60
0
219
222
61
0
220
221
62
0
220
219
63
0
220
220
64
0
219
218
65
0
219
218
66
0
220
219
67
0
219
218
68
0
219
219
69
0
219
218
70
0
220
220
72
0
219
218
73
0
219
219
74
0
219
218
75
0
219
219
76
0
219
219
77
0
219
219
78
0
219
219
79
0
219
219
80
0
219
219
81
0
219
219
83
0
219
219
84
0
219
219
85
0
219
219
86
0
219
219
87
0
219
219
88
0
219
219
89
0
219
219
90
0
219
219
91
0
219
219
92
0
218
217
93
0
217
216
94
0
218
217
95
0
218
217
96
0
219
220
97
0
218
217
98
0
219
219
99
0
218
216
100
0
218
218
101
0
218
217
102
0
218
218
103
0
218
218
104
0
219
219
105
0
218
217
106
0
218
218
107
0
219
218
108
0
218
217
109
0
219
219
110
0
219
218
111
0
219
219
112
0
219
218
113
0
219
219
114
0
217
216
115
0
217
216
116
0
216
214
117
0
216
216
118
0
214
212
119
0
217
218
120
0
220
220
121
0
219
221
122
0
218
219
124
0
218
216
125
0
218
217
126
0
217
216
127
0
215
214
128
0
217
216
129
0
216
214
130
0
218
220
131
0
219
218
132
0
219
220
133
0
220
220
134
0
219
218
135
0
218
218
136
0
220
219
137
0
219
218
138
0
217
217
139
0
217
215
140
0
218
217
141
0
219
219
142
0
218
218
143
0
219
219
144
0
219
218
145
0
219
219
146
0
216
214
147
0
218
218
148
0
217
214
149
0
217
218
150
0
216
214
151
0
217
217
152
0
216
215
153
0
217
218
154
0
217
216
155
0
216
216
156
0
217
217
157
0
217
216
158
0
217
217
159
0
216
215
161
0
216
215
162
0
217
216
163
0
217
217
164
0
217
217
165
0
217
216
166
0
216
215
167
0
217
217
168
0
217
216
170
0
216
216
171
0
216
215
172
0
214
212
173
0
215
215
174
0
214
212
175
0
216
217
176
0
216
215
177
0
216
217
178
0
217
217
179
0
217
217
180
0
216
216
181
0
216
215
182
0
216
215
183
0
216
216
184
0
215
214
185
0
216
216
186
0
219
219
187
0
217
217
188
0
219
221
189
0
218
216
190
0
220
222
191
0
220
219
192
0
221
222
193
0
219
218
194
0
219
219
195
0
219
217
196
0
219
219
197
0
220
220
198
0
219
218
199
0
218
218
200
0
219
218
201
0
219
218
202
0
219
219
203
0
219
218
204
0
220
220
205
0
220
220
206
0
220
220
207
0
213
210
208
0
219
220
209
0
219
215
210
0
219
223
211
0
218
216
212
0
219
219
213
0
218
217
214
0
218
218
215
0
218
217
216
0
218
218
217
0
218
218
218
0
218
218
219
0
218
218
220
0
219
219
221
0
217
216
222
0
217
217
223
0
219
218
224
0
220
220
225
0
220
221
226
0
218
217
227
0
219
218
228
0
218
216
229
0
213
211
230
0
219
219
231
0
219
216
232
0
213
215
233
0
213
211
234
0
215
211
235
0
213
213
236
0
214
215
237
0
214
212
238
0
215
216
239
0
214
213
240
0
215
215
241
0
219
219
242
0
215
214
243
0
217
219
244
0
219
216
245
0
218
219
247
0
217
217
248
0
218
217
249
0
216
214
250
0
216
216
251
0
215
213
252
0
216
216
253
0
217
216
254
0
217
217
255
0
216
216
0
1
217
217
1
1
217
216
2
1
217
217
3
1
217
216
4
1
215
214
5
1
218
218
6
1
219
218
7
1
217
218
8
1
217
217
9
1
220
219
10
1
219
219
11
1
219
220
12
1
219
217
13
1
219
219
14
1
221
221
15
1
220
219
16
1
220
221
17
1
220
219
18
1
220
220
19
1
220
220
20
1
220
220
21
1
220
220
22
1
220
220
23
1
220
220
24
1
220
220
25
1
220
220
26
1
220
220
27
1
220
220
28
1
220
220
29
1
220
220
30
1
221
221
31
1
221
221
32
1
220
220
33
1
219
218
34
1
219
218
35
1
219
218
36
1
219
219
37
1
218
217
38
1
219
219
39
1
220
219
40
1
220
220
41
1
221
221
42
1
219
218
43
1
214
212
44
1
212
209
45
1
217
215
46
1
213
211
47
1
220
225
48
1
216
212
49
1
216
220
50
1
218
215
51
1
219
220
52
1
219
220
53
1
217
216
54
1
218
217
55
1
218
216
56
1
218
218
57
1
218
217
58
1
218
218
59
1
218
218
60
1
218
218
61
1
219
219
62
1
219
219
63
1
220
221
64
1
219
218
65
1
219
219
66
1
218
216
67
1
217
216
68
1
219
218
69
1
218
217
70
1
218
219
71
1
217
215
72
1
213
211
73
1
213
211
74
1
212
209
75
1
213
213
76
1
213
212
77
1
213
213
78
1
213
212
79
1
213
213
80
1
213
213
81
1
214
214
82
1
213
212
83
1
212
212
84
1
213
212
85
1
217
218
86
1
219
221
87
1
218
220
88
1
217
217
89
1
218
217
90
1
217
216
91
1
218
219
92
1
218
217
93
1
217
217
94
1
217
216
95
1
219
219
96
1
217
216
97
1
217
218
98
1
218
216
100
1
217
217
101
1
217
217
102
1
216
214
103
1
213
211
104
1
216
216
105
1
215
213
106
1
215
217
107
1
215
213
108
1
217
217
110
1
213
211
111
1
214
215
112
1
216
213
113
1
215
216
114
1
215
216
115
1
215
214
116
1
215
215
118
1
214
213
119
1
216
216
120
1
215
214
121
1
214
214
122
1
215
214
123
1
213
211
124
1
214
214
125
1
216
215
126
1
215
215
127
1
215
216
128
1
214
212
129
1
214
213
130
1
213
211
131
1
215
215
132
1
215
214
133
1
214
215
134
1
215
214
135
1
214
213
136
1
213
213
137
1
214
213
138
1
213
212
139
1
213
213
140
1
214
213
141
1
214
214
142
1
215
216
143
1
214
213
144
1
214
214
146
1
214
213
147
1
215
215
148
1
214
213
149
1
214
214
150
1
213
211
151
1
215
215
152
1
213
211
153
1
213
214
154
1
213
211
155
1
214
214
156
1
213
212
157
1
214
214
158
1
215
214
159
1
213
213
160
1
215
215
161
1
213
211
162
1
213
214
163
1
213
211
164
1
213
213
165
1
214
214
166
1
213
212
167
1
213
213
168
1
213
212
169
1
212
211
170
1
215
215
171
1
213
212
172
1
213
214
173
1
213
211
174
1
212
211
175
1
214
214
176
1
213
212
177
1
212
212
178
1
214
213
179
1
214
213
180
1
214
215
181
1
214
213
182
1
213
212
183
1
214
214
184
1
214
213
185
1
214
214
186
1
214
213
187
1
215
215
188
1
215
215
189
1
215
215
190
1
215
214
191
1
213
212
192
1
215
215
193
1
215
213
194
1
213
213
195
1
213
212
196
1
214
213
197
1
214
214
198
1
214
214
199
1
215
215
200
1
213
212
201
1
214
214
202
1
215
214
203
1
213
213
204
1
215
215
205
1
215
213
206
1
214
215
207
1
215
214
208
1
213
211
209
1
215
216
210
1
215
213
211
1
213
213
212
1
215
215
213
1
215
213
214
1
214
215
215
1
215
214
216
1
215
214
217
1
214
214
218
1
214
213
219
1
214
213
220
1
214
214
221
1
214
214
222
1
214
214
223
1
213
212
224
1
213
212
225
1
213
212
226
1
213
213
227
1
213
213
228
1
213
213
229
1
213
213
230
1
213
213
231
1
213
213
232
1
213
213
233
1
212
211
234
1
215
215
235
1
214
213
236
1
214
215
237
1
214
212
238
1
214
214
239
1
215
215
240
1
213
212
241
1
214
214
242
1
215
214
243
1
213
213
244
1
213
213
245
1
214
212
246
1
213
213
247
1
213
213
248
1
215
214
249
1
215
215
250
1
213
213
251
1
213
212
252
1
215
214
253
1
215
215
254
1
214
214
255
1
215
214
0
2
213
211
1
2
214
214
2
2
215
214
3
2
215
216
4
2
214
214
5
2
214
213
6
2
213
211
7
2
214
214
8
2
213
212
9
2
213
213
10
2
214
213
11
2
213
212
12
2
213
213
13
2
215
214
14
2
214
214
15
2
217
219
16
2
213
211
17
2
214
215
18
2
215
212
19
2
213
213
20
2
214
214
21
2
215
214
22
2
217
218
23
2
216
216
24
2
217
218
25
2
217
216
26
2
217
217
27
2
216
215
28
2
216
215
29
2
218
218
30
2
219
219
31
2
219
220
32
2
221
222
33
2
219
218
34
2
218
218
35
2
219
217
36
2
217
216
37
2
216
216
38
2
217
215
39
2
217
216
40
2
217
217
41
2
217
216
42
2
219
219
43
2
219
219
44
2
219
220
45
2
219
218
46
2
219
219
47
2
220
220
48
2
219
218
49
2
219
219
50
2
220
219
51
2
217
216
52
2
219
219
53
2
219
217
54
2
218
219
55
2
217
216
56
2
218
217
57
2
218
217
58
2
218
218
59
2
218
217
60
2
218
218
61
2
219
219
62
2
217
216
63
2
218
218
64
2
217
215
65
2
217
217
66
2
218
217
67
2
217
216
68
2
217
217
69
2
217
216
70
2
217
217
71
2
217
217
72
2
217
217
73
2
217
217
74
2
217
217
75
2
217
217
76
2
217
217
77
2
216
215
78
2
217
217
79
2
218
217
80
2
217
217
81
2
217
217
82
2
217
216
83
2
218
218
84
2
217
216
85
2
217
217
86
2
218
217
87
2
218
218
88
2
218
218
89
2
218
217
90
2
218
218
91
2
218
218
92
2
218
218
93
2
218
218
94
2
218
218
95
2
218
218
96
2
218
218
97
2
218
218
98
2
218
218
99
2
218
218
100
2
218
218
101
2
218
218
102
2
218
218
103
2
219
219
104
2
218
217
105
2
218
218
106
2
219
218
107
2
218
217
108
2
218
218
110
2
218
217
111
2
218
218
112
2
218
218
113
2
219
219
114
2
218
217
115
2
218
218
116
2
219
218
117
2
219
219
118
2
218
218
119
2
218
217
120
2
218
217
121
2
219
219
122
2
219
219
123
2
219
219
124
2
218
217
125
2
219
219
126
2
218
217
127
2
218
218
128
2
218
217
129
2
218
218
130
2
218
218
131
2
218
218
132
2
218
218
133
2
219
219
134
2
218
217
135
2
218
218
136
2
218
217
137
2
218
218
138
2
217
216
139
2
218
218
140
2
218
217
141
2
217
217
142
2
217
216
143
2
217
216
144
2
218
218
145
2
218
218
146
2
218
218
147
2
218
217
148
2
218
218
149
2
218
218
150
2
218
218
151
2
218
218
152
2
218
218
153
2
217
216
154
2
217
216
155
2
217
216
156
2
217
217
157
2
218
218
158
2
218
218
159
2
218
218
160
2
218
217
161
2
217
216
162
2
218
218
163
2
218
217
164
2
218
218
165
2
218
217
166
2
219
219
167
2
218
217
168
2
219
219
169
2
219
218
170
2
217
217
171
2
218
217
172
2
217
215
173
2
218
219
174
2
218
217
175
2
218
218
176
2
218
217
177
2
219
219
178
2
218
217
179
2
218
218
180
2
218
217
181
2
218
218
182
2
218
218
183
2
218
218
184
2
218
218
185
2
218
218
186
2
218
218
187
2
219
219
188
2
219
219
189
2
219
219
190
2
219
218
191
2
218
217
192
2
219
219
193
2
219
218
194
2
218
218
195
2
218
217
196
2
218
217
197
2
218
218
198
2
218
218
199
2
218
218
200
2
219
219
201
2
219
219
202
2
219
219
203
2
218
217
204
2
218
217
205
2
219
218
206
2
219
219
207
2
218
218
208
2
218
217
209
2
218
217
210
2
218
218
211
2
219
219
212
2
218
217
213
2
218
218
214
2
221
221
215
2
217
216
216
2
219
221
217
2
219
216
218
2
219
220
219
2
218
217
220
2
219
219
221
2
219
218
222
2
218
218
223
2
218
217
224
2
213
210
225
2
219
220
226
2
211
205
227
2
215
219
228
2
218
213
229
2
217
220
230
2
211
210
233
2
215
214
234
2
216
213
235
2
217
220
236
2
214
213
237
2
210
208
238
2
210
207
239
2
215
214
240
2
215
216
241
2
212
214
242
2
210
208
243
2
209
206
245
2
214
214
246
2
217
218
247
2
214
216
248
2
218
220
250
2
221
220
251
2
210
209
252
2
213
214
253
2
221
216
254
2
212
213
1
3
211
214
2
3
209
201
3
3
213
214
4
3
209
206
5
3
211
214
6
3
210
206
7
3
208
208
8
3
208
206
9
3
209
208
10
3
210
210
12
3
210
210
16
3
211
211
18
3
210
209
19
3
208
207
20
3
212
212
21
3
213
212
22
3
211
213
30
3
212
212
31
3
213
212
33
3
210
209
34
3
209
208
39
3
212
210
42
3
212
212
44
3
212
214
53
3
209
207
54
3
209
208
55
3
211
209
56
3
211
211
57
3
212
213
58
3
213
213
59
3
211
211
70
3
210
209
80
3
210
208
82
3
209
208
83
3
209
208
88
3
210
209
89
3
210
210
92
3
213
214
174
3
208
206
180
3
208
209
186
3
209
205
189
3
211
212
211
3
209
209
212
3
211
212
220
3
208
205
223
3
208
209
224
3
209
207
32
4
210
210
41
4
209
209
42
4
210
210
43
4
213
213
45
4
209
208
48
4
208
208
55
4
210
207
59
4
209
208
60
4
210
211
62
4
209
207
63
4
210
210
64
4
209
208
65
4
210
210
66
4
210
209
67
4
210
210
68
4
210
209
69
4
210
210
70
4
210
210
71
4
210
210
72
4
211
211
73
4
211
211
74
4
210
210
75
4
211
211
76
4
210
209
77
4
208
207
78
4
208
206
79
4
211
210
83
4
208
207