1
0
241
107
2
0
241
107
3
0
241
108
4
0
242
107
5
0
241
107
6
0
240
107
7
0
240
108
8
0
240
107
9
0
241
107
10
0
240
107
11
0
240
108
12
0
241
108
13
0
240
107
14
0
240
107
15
0
241
107
16
0
240
106
17
0
241
108
18
0
240
107
19
0
241
107
20
0
240
108
21
0
241
108
22
0
240
108
23
0
241
108
24
0
240
106
25
0
241
106
26
0
240
107
27
0
241
108
28
0
241
106
29
0
243
95
30
0
240
108
31
0
240
108
32
0
240
107
33
0
241
107
35
0
240
107
36
0
240
107
37
0
240
107
38
0
240
108
39
0
240
108
40
0
241
107
41
0
240
105
42
0
240
108
43
0
240
107
44
0
241
105
45
0
240
107
46
0
240
108
47
0
240
106
48
0
240
106
49
0
240
106
51
0
240
107
52
0
240
108
53
0
240
107
54
0
240
107
55
0
240
108
56
0
240
107
57
0
240
108
58
0
240
107
59
0
240
108
60
0
240
107
61
0
240
107
62
0
240
108
64
0
240
108
65
0
240
108
66
0
240
107
67
0
240
105
69
0
240
107
70
0
240
108
74
0
241
107
75
0
240
105
76
0
241
101
77
0
240
108
78
0
240
108
79
0
241
106
80
0
240
107
81
0
240
108
82
0
240
106
83
0
240
108
84
0
240
108
85
0
240
106
86
0
240
107
87
0
240
107
88
0
240
108
89
0
240
107
90
0
240
108
91
0
240
107
92
0
240
107
93
0
240
108
94
0
240
107
95
0
240
108
96
0
240
107
97
0
240
108
98
0
240
107
99
0
240
106
100
0
240
106
101
0
240
108
102
0
241
107
103
0
241
104
104
0
240
108
105
0
240
107
106
0
241
106
107
0
240
108
108
0
240
107
109
0
240
107
110
0
240
108
111
0
240
107
112
0
240
108
113
0
239
106
114
0
240
108
115
0
240
106
116
0
240
107
117
0
240
107
118
0
240
104
119
0
240
108
120
0
240
108
121
0
241
106
122
0
240
108
123
0
241
107
124
0
240
107
125
0
241
107
126
0
240
106
127
0
240
108
128
0
240
108
129
0
241
104
130
0
240
106
131
0
239
108
132
0
238
107
133
0
247
108
134
0
228
105
135
0
217
105
136
0
213
106
137
0
228
108
138
0
224
108
139
0
221
106
140
0
221
108
141
0
222
108
142
0
222
104
143
0
223
108
144
0
219
107
145
0
222
106
146
0
222
108
147
0
223
108
148
0
222
107
150
0
223
106
151
0
222
108
152
0
223
108
153
0
222
106
154
0
222
108
155
0
223
105
156
0
222
107
157
0
222
106
158
0
222
105
159
0
223
108
160
0
223
107
161
0
220
107
162
0
215
102
163
0
213
104
164
0
216
71
165
0
217
106
166
0
216
101
167
0
216
103
168
0
215
101
169
0
215
106
171
0
214
106
172
0
215
104
173
0
215
100
174
0
215
103
175
0
215
103
176
0
214
105
177
0
216
105
178
0
216
107
179
0
215
107
180
0
216
107
181
0
215
105
182
0
216
107
183
0
215
104
184
0
215
105
185
0
215
102
186
0
217
105
187
0
217
105
188
0
217
105
189
0
217
107
190
0
216
101
191
0
216
107
192
0
217
105
193
0
216
104
194
0
217
105
195
0
217
102
196
0
217
105
197
0
217
106
199
0
217
102
201
0
212
100
202
0
212
84
203
0
212
101
204
0
211
97
205
0
212
95
206
0
211
95
207
0
211
93
208
0
211
102
209
0
211
98
211
0
211
96
216
0
211
103
218
0
211
101
219
0
212
102
220
0
212
100
222
0
211
96
223
0
210
99
224
0
212
101
225
0
210
94
226
0
211
100
227
0
211
96
228
0
211
97
229
0
210
89
231
0
211
90
232
0
211
76
233
0
210
96
234
0
211
93
235
0
210
99
236
0
211
88
239
0
210
100
240
0
211
99
241
0
211
91
242
0
211
99
244
0
210
94
246
0
211
92
247
0
212
103
248
0
210
95
249
0
210
101
250
0
210
82
251
0
212
104
252
0
211
99
254
0
211
93
255
0
211
99
0
1
213
105
1
1
211
98
2
1
212
97
3
1
211
96
4
1
211
95
5
1
210
95
6
1
211
97
7
1
210
89
9
1
211
94
10
1
210
95
11
1
210
92
13
1
211
95
14
1
210
90
15
1
210
97
16
1
210
91
17
1
210
88
18
1
210
97
19
1
210
84
20
1
211
92
21
1
210
95
22
1
211
91
23
1
211
97
24
1
211
95
26
1
211
97
28
1
212
101
30
1
211
93
31
1
211
98
32
1
211
100
33
1
211
100
34
1
211
101
35
1
211
98
36
1
210
100
37
1
212
97
38
1
211
98
39
1
211
100
40
1
211
101
41
1
211
100
42
1
211
99
43
1
212
102
44
1
211
100
45
1
211
89
46
1
211
102
47
1
211
99
48
1
211
95
49
1
211
96
53
1
210
99
54
1
211
95
56
1
210
95
57
1
211
86
58
1
211
90
62
1
210
97
63
1
210
100
64
1
211
100
65
1
211
96
66
1
210
87
67
1
210
95
68
1
211
82
70
1
210
90
73
1
210
100
74
1
211
98
75
1
211
100
77
1
212
96
78
1
210
96
79
1
210
89
80
1
211
97
81
1
211
97
82
1
210
96
83
1
210
93
84
1
210
91
85
1
210
94
86
1
210
88
87
1
210
78
88
1
210
95
89
1
211
97
90
1
211
98
91
1
211
95
92
1
212
96
93
1
211
94
94
1
211
96
95
1
211
97
96
1
211
96
97
1
211
94
98
1
211
92
99
1
211
94
100
1
211
91
101
1
211
102
103
1
211
89
107
1
211
98
108
1
211
96
109
1
211
94
110
1
211
94
112
1
211
97
113
1
211
94
114
1
212
100
115
1
211
91
116
1
212
91
117
1
211
95
118
1
211
95
119
1
212
98
120
1
211
102
121
1
212
97
122
1
212
101
124
1
212
99
125
1
212
98
126
1
212
101
127
1
212
100
128
1
212
105
129
1
212
102
130
1
212
100
131
1
212
97
132
1
212
102
133
1
211
98
134
1
211
99
135
1
211
95
136
1
211
97
137
1
212
86
138
1
211
91
139
1
211
94
140
1
211
93
141
1
211
97
142
1
212
97
143
1
211
86
144
1
210
101
145
1
211
99
146
1
211
95
147
1
210
97
148
1
212
99
149
1
212
97
150
1
212
97
151
1
212
101
152
1
212
96
154
1
211
84
156
1
211
94
157
1
211
96
158
1
211
91
159
1
212
100
160
1
212
99
161
1
211
98
162
1
211
100
163
1
211
97
164
1
211
99
165
1
211
102
166
1
211
93
167
1
211
86
168
1
210
90
169
1
211
102
171
1
211
104
172
1
211
93
173
1
212
102
174
1
211
100
175
1
212
80
177
1
211
103
178
1
212
98
179
1
211
99
180
1
211
101
182
1
211
97
183
1
211
88
185
1
211
98
186
1
211
93
187
1
210
97
188
1
211
95
189
1
212
99
190
1
211
94
191
1
211
96
192
1
211
97
193
1
211
99
195
1
212
98
197
1
211
101
198
1
211
97
199
1
211
93
201
1
211
102
202
1
212
97
203
1
212
101
205
1
212
93
206
1
211
100
207
1
211
88
208
1
212
102
209
1
212
96
210
1
212
97
212
1
212
99
213
1
211
94
214
1
212
97
215
1
211
99
216
1
211
105
218
1
211
97
220
1
212
101
222
1
212
98
223
1
212
96
224
1
212
100
225
1
212
104
226
1
212
98
227
1
212
101
228
1
211
99
229
1
212
103
230
1
211
99
231
1
211
103
232
1
212
100
233
1
212
104
234
1
211
101
235
1
212
100
237
1
209
78
238
1
209
89
241
1
215
106
242
1
215
103
243
1
218
106
244
1
216
108
245
1
224
107
246
1
214
102
248
1
229
108
249
1
222
107
250
1
225
107
251
1
225
107
252
1
225
108
253
1
225
105
254
1
226
108
255
1
224
108
0
2
226
107
1
2
225
108
2
2
225
107
3
2
227
107
4
2
226
107
5
2
225
107
6
2
225
107
7
2
226
108
9
2
225
107
10
2
228
106
11
2
219
107
13
2
219
106
15
2
217
106
16
2
212
104
17
2
215
104
18
2
213
103
19
2
214
100
20
2
212
100
21
2
214
104
22
2
215
106
23
2
211
98
24
2
212
97
25
2
212
102
26
2
211
97
27
2
210
89
28
2
210
81
30
2
210
95
31
2
208
72
34
2
208
74
35
2
209
78
36
2
209
78
37
2
209
89
38
2
209
88
39
2
210
91
40
2
209
74
41
2
210
98
42
2
210
97
43
2
210
78
44
2
210
89
45
2
210
94
46
2
210
91
47
2
209
78
50
2
209
76
53
2
211
96
54
2
209
77
56
2
212
97
57
2
211
99
58
2
212
103
59
2
212
99
60
2
212
102
61
2
212
99
62
2
212
101
63
2
212
103
64
2
213
104
65
2
213
101
66
2
211
98
67
2
211
94
68
2
210
90
69
2
212
100
70
2
211
97
71
2
213
103
72
2
213
104
73
2
212
98
74
2
212
98
75
2
213
107
78
2
213
105
79
2
212
102
80
2
213
71
81
2
214
100
84
2
211
101
85
2
211
99
87
2
211
99
88
2
211
96
89
2
211
101
90
2
215
103
91
2
213
106
92
2
215
106
93
2
214
106
94
2
212
96
96
2
213
104
98
2
210
87
100
2
210
93
101
2
210
85
102
2
210
86
103
2
211
95
104
2
211
94
105
2
211
97
107
2
210
99
108
2
209
83
110
2
210
89
111
2
210
86
112
2
213
97
115
2
210
93
116
2
210
94
117
2
209
79
118
2
210
88
119
2
210
95
121
2
210
101
122
2
210
90
125
2
210
83
126
2
210
91
127
2
210
90
128
2
210
94
129
2
210
90
130
2
211
98
133
2
210
93
134
2
210
94
135
2
210
89
136
2
210
93
137
2
210
96
138
2
210
94
139
2
210
87
140
2
209
85
141
2
210
99
142
2
212
100
143
2
211
97
144
2
212
98
145
2
211
93
146
2
213
106
147
2
211
98
148
2
217
104
150
2
214
104
151
2
215
104
153
2
213
96
154
2
217
107
155
2
215
83
156
2
215
104
157
2
216
105
158
2
213
104
159
2
214
106
160
2
216
105
161
2
216
107
162
2
212
101
164
2
209
86
166
2
210
84
167
2
212
103
168
2
212
101
171
2
213
103
172
2
213
99
173
2
214
93
174
2
213
105
175
2
213
103
176
2
213
102
177
2
212
99
178
2
212
97
179
2
211
98
180
2
211
97
181
2
211
95
182
2
211
104
183
2
211
99
184
2
211
98
185
2
211
100
186
2
211
102
187
2
211
96
188
2
211
100
189
2
211
99
190
2
212
89
191
2
212
95
193
2
213
96
194
2
212
99
195
2
212
102
197
2
212
98
198
2
211
90
199
2
211
92
201
2
211
98
202
2
211
100
203
2
211
95
204
2
211
99
205
2
211
70
206
2
212
91
207
2
211
96
208
2
211
98
209
2
211
97
210
2
212
97
211
2
212
95
212
2
211
101
213
2
212
104
214
2
212
105
215
2
211
96
216
2
212
103
217
2
211
105
218
2
212
102
219
2
212
100
220
2
213
104
221
2
212
100
223
2
210
89
224
2
211
92
225
2
214
96
227
2
212
104
228
2
212
102
229
2
213
99
231
2
215
105
232
2
215
86
234
2
215
106
235
2
213
100
236
2
213
106
237
2
213
106
238
2
214
103
239
2
215
104
240
2
215
104
241
2
215
105
242
2
214
103
244
2
214
106
245
2
214
104
246
2
215
106
247
2
213
104
248
2
215
104
249
2
214
104
250
2
213
102
251
2
213
103
252
2
215
105
253
2
214
103
254
2
214
104
0
3
214
106
1
3
215
102
2
3
215
106
3
3
214
99
4
3
215
107
5
3
214
106
6
3
215
79
7
3
215
106
8
3
215
107
10
3
215
106
11
3
215
107
14
3
214
105
16
3
215
107
18
3
214
105
19
3
214
106
20
3
215
106
21
3
215
107
22
3
215
104
23
3
215
104
24
3
215
94
25
3
215
104
26
3
214
104
27
3
215
106
28
3
215
106
29
3
214
102
30
3
214
105
31
3
214
106
32
3
215
104
33
3
215
106
34
3
215
103
35
3
215
105
36
3
215
101
37
3
215
103
38
3
215
103
39
3
214
106
40
3
214
105
41
3
215
103
42
3
215
99
45
3
215
107
46
3
215
104
47
3
214
106
48
3
215
104
49
3
214
105
50
3
214
103
51
3
214
103
52
3
214
106
53
3
214
103
54
3
213
104
55
3
214
104
56
3
213
104
57
3
213
103
58
3
214
103
59
3
215
105
60
3
214
106
61
3
214
105
62
3
214
106
63
3
215
107
64
3
214
103
65
3
214
100
66
3
215
105
67
3
214
103
68
3
215
101
69
3
215
105
70
3
215
104
71
3
214
107
72
3
215
103
73
3
215
107
74
3
215
101
75
3
215
106
76
3
215
105
77
3
215
104
78
3
214
103
79
3
215
106
80
3
216
76
81
3
215
103
82
3
215
107
83
3
215
103
84
3
215
106
85
3
215
104
87
3
215
106
88
3
215
104
89
3
215
107
91
3
215
107
92
3
215
102
93
3
214
104
94
3
214
105
95
3
214
106
96
3
216
106
97
3
215
102
98
3
215
107
99
3
215
106
101
3
216
96
102
3
214
104
103
3
214
106
104
3
214
106
105
3
214
105
106
3
215
105
108
3
215
106
109
3
215
101
110
3
215
105
111
3
215
101
112
3
215
104
113
3
214
101
114
3
215
106
116
3
215
103
118
3
215
105
119
3
215
106
120
3
214
106
121
3
215
104
122
3
216
99
123
3
215
104
124
3
214
104
125
3
213
104
