3
0
225
105
5
0
225
107
7
0
223
108
9
0
221
108
11
0
220
103
15
0
220
106
16
0
220
106
17
0
222
107
18
0
221
104
22
0
223
107
26
0
223
108
30
0
223
106
34
0
223
105
36
0
223
108
38
0
222
99
39
0
221
107
40
0
221
106
41
0
223
105
42
0
222
107
43
0
221
108
44
0
222
106
45
0
221
106
46
0
225
107
47
0
223
108
48
0
221
107
49
0
219
105
50
0
225
108
51
0
224
107
52
0
228
108
53
0
221
107
54
0
213
105
55
0
226
108
56
0
223
108
57
0
223
102
58
0
222
104
59
0
223
106
60
0
223
108
61
0
222
108
62
0
217
106
63
0
221
106
65
0
225
107
66
0
222
105
67
0
223
106
68
0
221
108
69
0
223
107
70
0
223
106
71
0
221
106
73
0
225
108
74
0
239
108
75
0
236
106
77
0
237
108
78
0
238
108
80
0
237
106
82
0
221
108
83
0
211
101
84
0
213
102
85
0
217
100
86
0
217
104
87
0
217
103
88
0
221
107
89
0
221
108
90
0
214
106
91
0
211
97
92
0
211
94
93
0
212
99
94
0
212
99
95
0
212
103
96
0
213
106
97
0
213
104
98
0
214
106
99
0
221
108
100
0
221
107
101
0
220
105
102
0
221
105
103
0
220
106
104
0
217
107
105
0
222
107
106
0
224
107
107
0
218
106
108
0
218
104
110
0
220
106
111
0
225
108
112
0
220
106
113
0
217
107
114
0
217
104
115
0
219
107
116
0
219
105
117
0
219
107
118
0
217
106
119
0
218
107
120
0
218
107
121
0
218
106
122
0
219
107
123
0
219
105
124
0
218
107
125
0
217
106
127
0
219
107
128
0
220
105
129
0
220
108
130
0
219
107
131
0
219
106
132
0
219
105
133
0
218
104
134
0
219
106
135
0
220
107
136
0
217
106
137
0
216
107
138
0
216
105
139
0
217
105
140
0
217
107
141
0
217
106
142
0
217
104
143
0
217
108
144
0
218
107
145
0
218
106
146
0
218
107
148
0
218
105
149
0
217
107
150
0
218
105
151
0
218
106
152
0
217
106
153
0
219
92
154
0
220
106
155
0
220
105
156
0
220
108
157
0
220
108
158
0
219
106
160
0
220
107
161
0
218
105
162
0
219
105
163
0
220
104
164
0
219
106
165
0
219
108
166
0
219
107
167
0
219
105
168
0
219
105
169
0
219
103
170
0
219
105
171
0
219
104
172
0
219
106
173
0
219
106
174
0
219
106
175
0
219
106
176
0
219
106
177
0
219
105
178
0
219
106
179
0
217
105
180
0
217
104
181
0
218
106
182
0
217
107
183
0
217
106
185
0
218
107
186
0
218
106
188
0
220
106
189
0
219
107
190
0
219
104
191
0
219
104
192
0
219
105
193
0
219
104
194
0
219
105
195
0
219
105
196
0
220
107
197
0
220
106
198
0
220
107
200
0
220
107
201
0
213
106
202
0
213
100
203
0
214
105
204
0
214
106
205
0
214
106
206
0
215
102
207
0
214
106
208
0
214
103
209
0
214
101
210
0
214
105
211
0
214
106
212
0
215
103
213
0
215
101
214
0
214
104
215
0
215
97
216
0
215
104
217
0
215
106
218
0
214
106
219
0
214
104
221
0
214
100
222
0
213
102
223
0
213
104
224
0
214
105
225
0
214
105
226
0
215
94
227
0
214
102
228
0
214
103
229
0
215
105
230
0
214
105
231
0
213
103
232
0
214
104
233
0
214
103
234
0
214
105
235
0
214
106
236
0
213
106
237
0
214
82
238
0
214
106
239
0
213
103
240
0
214
103
241
0
215
104
242
0
215
105
243
0
215
104
244
0
215
105
245
0
214
106
247
0
215
105
249
0
211
102
250
0
211
102
251
0
212
99
253
0
212
101
254
0
212
99
255
0
213
101
0
1
212
103
1
1
212
104
2
1
212
100
3
1
212
102
4
1
213
102
5
1
212
103
6
1
212
103
7
1
213
105
8
1
213
104
9
1
213
103
10
1
212
102
11
1
212
104
12
1
212
104
13
1
212
103
14
1
212
100
15
1
211
98
16
1
212
99
17
1
213
105
18
1
212
104
19
1
216
106
20
1
214
106
21
1
217
105
22
1
220
105
23
1
217
107
24
1
219
104
25
1
212
102
26
1
219
104
27
1
217
106
28
1
214
102
29
1
215
106
30
1
219
106
31
1
214
102
32
1
212
103
33
1
223
106
34
1
213
107
35
1
224
105
36
1
224
108
38
1
225
108
39
1
225
108
40
1
225
105
41
1
225
106
42
1
224
105
43
1
225
107
45
1
224
106
46
1
225
108
47
1
225
106
48
1
225
108
49
1
226
107
50
1
225
108
51
1
225
107
52
1
225
108
53
1
225
108
54
1
226
107
55
1
226
106
56
1
226
107
57
1
226
106
58
1
226
108
59
1
225
108
60
1
225
107
61
1
225
108
62
1
226
106
63
1
227
106
64
1
226
108
65
1
225
107
66
1
226
108
67
1
225
107
68
1
225
108
69
1
225
106
70
1
226
107
71
1
225
107
72
1
226
107
73
1
226
108
74
1
226
107
75
1
226
106
76
1
225
108
77
1
225
108
78
1
226
108
79
1
226
108
80
1
224
105
81
1
224
106
82
1
224
107
83
1
225
106
85
1
226
108
86
1
224
107
87
1
223
107
88
1
224
107
89
1
225
107
90
1
222
106
91
1
219
106
93
1
217
107
94
1
215
103
95
1
216
105
96
1
222
106
97
1
221
106
98
1
216
103
100
1
215
104
102
1
211
85
103
1
210
91
104
1
209
77
106
1
211
96
107
1
211
96
108
1
210
96
109
1
209
95
110
1
210
96
112
1
211
98
113
1
211
92
114
1
210
98
115
1
210
96
116
1
211
98
117
1
211
103
118
1
211
100
119
1
212
98
122
1
210
93
123
1
212
98
124
1
212
100
125
1
211
93
126
1
211
95
127
1
211
101
128
1
212
103
129
1
212
96
130
1
212
101
131
1
211
102
132
1
213
90
133
1
211
100
134
1
212
97
135
1
211
95
136
1
211
101
137
1
211
93
138
1
212
98
139
1
211
99
140
1
211
95
143
1
211
98
144
1
212
94
146
1
212
101
147
1
212
103
148
1
211
101
149
1
211
99
150
1
212
98
151
1
211
94
153
1
211
103
154
1
211
101
155
1
211
85
156
1
211
92
157
1
210
81
159
1
208
81
160
1
209
71
161
1
209
68
167
1
210
79
168
1
210
74
169
1
210
77
171
1
210
86
172
1
210
78
173
1
209
76
174
1
210
78
175
1
210
82
176
1
210
80
177
1
209
80
178
1
211
85
179
1
211
91
180
1
211
90
181
1
210
86
183
1
211
94
185
1
211
91
187
1
211
94
188
1
211
94
191
1
210
84
192
1
216
105
193
1
208
69
194
1
209
85
195
1
211
98
197
1
209
79
198
1
215
102
199
1
210
83
200
1
215
104
201
1
213
105
202
1
212
99
203
1
209
85
204
1
210
90
206
1
209
76
207
1
212
97
208
1
209
71
211
1
210
91
212
1
210
86
213
1
212
97
214
1
211
103
215
1
221
106
216
1
218
106
217
1
213
106
218
1
211
101
219
1
214
105
220
1
213
105
221
1
213
104
222
1
211
102
224
1
210
90
226
1
214
103
227
1
213
103
228
1
212
105
230
1
213
105
231
1
215
106
232
1
214
102
233
1
215
107
234
1
216
106
235
1
213
98
236
1
213
107
237
1
217
106
239
1
210
91
242
1
212
102
243
1
211
104
245
1
211
99
247
1
213
105
248
1
210
90
249
1
213
104
250
1
217
107
251
1
216
108
252
1
215
107
253
1
214
106
254
1
216
106
255
1
215
105
0
2
214
103
1
2
215
106
2
2
215
105
3
2
215
105
4
2
212
104
5
2
212
106
6
2
213
106
7
2
211
100
8
2
212
102
10
2
212
105
11
2
212
104
12
2
212
103
13
2
211
102
15
2
212
104
16
2
212
100
17
2
211
102
18
2
212
101
19
2
210
97
21
2
212
105
22
2
212
100
23
2
212
101
24
2
211
99
25
2
212
105
26
2
212
95
27
2
212
102
28
2
212
105
29
2
212
102
31
2
211
101
32
2
213
105
33
2
213
101
34
2
212
104
35
2
212
104
36
2
212
103
37
2
212
106
38
2
212
105
39
2
212
106
40
2
213
105
41
2
213
106
42
2
213
103
43
2
213
103
44
2
213
106
45
2
212
99
46
2
213
104
47
2
212
103
48
2
213
103
49
2
213
105
50
2
213
105
51
2
212
104
52
2
211
101
53
2
211
101
54
2
211
101
55
2
211
104
56
2
211
100
57
2
213
103
58
2
209
89
59
2
210
98
60
2
212
100
62
2
213
101
63
2
213
107
64
2
212
103
65
2
211
104
69
2
211
102
70
2
209
82
71
2
215
98
72
2
217
106
73
2
217
104
74
2
210
100
75
2
212
100
76
2
214
105
77
2
213
105
78
2
218
105
79
2
221
107
80
2
221
106
81
2
218
108
83
2
218
107
84
2
217
103
85
2
225
106
86
2
221
106
87
2
218
106
88
2
217
104
89
2
218
107
90
2
217
104
91
2
218
106
92
2
217
105
93
2
219
102
94
2
219
103
95
2
220
107
96
2
218
107
97
2
218
107
98
2
218
105
99
2
219
107
100
2
219
107
101
2
219
106
102
2
218
107
104
2
220
107
105
2
219
106
106
2
224
107
107
2
221
104
108
2
220
107
109
2
223
107
110
2
223
103
111
2
224
107
112
2
218
107
113
2
222
107
114
2
223
108
115
2
220
107
116
2
225
106
117
2
218
105
118
2
218
102
119
2
223
106
120
2
221
107
121
2
219
107
122
2
220
107
124
2
219
105
125
2
218
105
126
2
219
104
127
2
217
102
128
2
221
107
129
2
222
105
130
2
222
103
131
2
220
108
132
2
221
107
133
2
222
108
134
2
217
104
135
2
221
107
136
2
222
107
137
2
224
107
138
2
223
107
139
2
224
107
140
2
216
105
141
2
218
106
142
2
217
107
143
2
216
105
144
2
219
107
145
2
221
107
146
2
221
106
147
2
217
106
148
2
214
104
149
2
225
107
151
2
221
106
152
2
212
96
153
2
218
106
154
2
213
98
155
2
224
108
156
2
209
85
157
2
217
102
158
2
210
91
159
2
218
107
160
2
218
107
161
2
210
92
162
2
211
93
163
2
208
68
164
2
217
106
165
2
219
105
166
2
218
107
167
2
219
106
168
2
219
107
169
2
219
104
170
2
218
107
171
2
219
107
172
2
218
106
173
2
218
105
174
2
219
104
175
2
217
106
177
2
217
105
178
2
217
105
179
2
221
107
180
2
217
107
182
2
214
88
183
2
215
106
184
2
214
100
185
2
215
102
187
2
218
106
188
2
220
106
189
2
213
102
193
2
209
84
199
2
208
76
203
2
211
90
224
2
210
94
248
2
209
70
252
2
208
61
44
3
209
98
45
3
209
91
46
3
209
77
82
3
208
69
99
3
209
80
100
3
209
77
131
3
210
94
137
3
212
103
138
3
209
104
139
3
209
82
146
3
208
81
147
3
212
101
148
3
215
104
149
3
210
92
150
3
212
104
151
3
212
100
152
3
212
101
154
3
212
104
155
3
209
89
156
3
208
81
162
3
209
72
163
3
208
70
167
3
208
73
223
3
211
100
229
3
211
100
237
3
209
89
238
3
210
96
239
3
211
96
240
3
207
58
243
3
209
83
244
3
209
73
245
3
211
93
247
3
211
93
248
3
210
89
250
3
210
95
251
3
210
95
252
3
210
94
253
3
210
93
255
3
210
94
0
4
209
87
1
4
210
91
2
4
210
97
3
4
210
87
4
4
210
90
5
4
211
85
6
4
210
93
7
4
211
91
8
4
210
86
9
4
211
93
10
4
209
85
11
4
211
95
15
4
210
86
16
4
209
88
17
4
209
76
18
4
209
70
19
4
209
85
20
4
208
73
21
4
209
79
22
4
209
80
23
4
208
72
24
4
209
79
25
4
209
78
26
4
209
77
27
4
209
82
91
4
211
97
99
4
211
104
100
4
211
106
101
4
210
95
102
4
211
97
104
4
210
96
105
4
211
93
106
4
212
102
107
4
212
100
108
4
211
99
109
4
212
99
113
4
209
71
116
4
208
79
117
4
210
85
119
4
209
79
120
4
209
89
121
4
211
94
122
4
211
100
123
4
210
91
125
4
210
87
126
4
209
86
174
4
208
78
182
4
210
93
183
4
210
85
184
4
209
80
185
4
209
81
224
4
210
91
225
4
212
103
226
4
215
105
227
4
213
105
228
4
214
105
229
4
212
104
230
4
218
107
231
4
215
104
232
4
217
107
233
4
217
105
235
4
217
104
236
4
217
106
237
4
217
106
238
4
217
105
239
4
217
105
240
4
217
106
241
4
217
105
242
4
217
107
243
4
217
106
244
4
217
106
245
4
217
107
247
4
217
106
248
4
217
105
249
4
217
107
250
4
217
107
251
4
217
107
252
4
212
99
253
4
213
105
254
4
213
101
255
4
214
106
1
5
213
100
2
5
214
104
5
5
211
100
6
5
208
79
8
5
212
101
9
5
214
103
10
5
217
106
11
5
217
107
12
5
217
105
13
5
213
104
14
5
216
105
15
5
216
106
16
5
215
107
17
5
216
106
18
5
217
105
19
5
217
104
20
5
217
105
21
5
217
106
22
5
217
105
23
5
217
107
24
5
216
104
25
5
216
107
28
5
217
107
30
5
217
106
31
5
216
106
32
5
217
105
33
5
212
103
34
5
216
105
35
5
215
103
36
5
211
98
37
5
210
84
38
5
211
91
39
5
215
104
40
5
215
102
41
5
216
107
42
5
217
105
43
5
217
105
44
5
217
106
45
5
217
102
46
5
216
106
47
5
217
106
48
5
217
107
51
5
218
107
52
5
217
107
53
5
217
106
54
5
217
107
55
5
217
106
56
5
217
105
58
5
217
105
59
5
217
107
60
5
212
103
61
5
213
102
62
5
216
102
63
5
211
97
64
5
211
102
65
5
209
73
66
5
212
99
67
5
215
99
69
5
211
94
70
5
213
101
71
5
213
103
72
5
216
105
73
5
216
106
75
5
218
105
77
5
218
107
78
5
218
106
79
5
218
106
80
5
218
106
81
5
218
101
82
5
218
101
83
5
217
107
84
5
218
105
85
5
218
107
86
5
216
104
87
5
217
105
88
5
215
105
89
5
212
102
90
5
214
107
91
5
211
99
92
5
210
70
99
5
211
92
113
5
208
59
117
5
209
79
121
5
209
73
124
5
210
81
141
5
212
99
142
5
213
104
143
5
212
101
145
5
212
100
146
5
212
99
147
5
211
100
148
5
209
73
150
5
211
98
151
5
216
104
152
5
210
92
153
5
211
98
154
5
210
86
155
5
211
93
156
5
211
99
158
5
211
95
160
5
208
71
162
5
216
106
164
5
213
102
165
5
213
105
166
5
213
105
167
5
212
98
168
5
212
101
170
5
216
106
172
5
218
104
173
5
213
102
174
5
216
106
175
5
212
102
178
5
210
86
180
5
209
94
181
5
210
82
182
5
209
66
183
5
209
79
185
5
210
88
189
5
209
80
194
5
208
67
215
5
210
81
226
5
209
75
227
5
209
76
228
5
209
74
229
5
209
72
230
5
210
90
231
5
210
89
232
5
209
83
236
5
208
80
238
5
209
62
239
5
209
80
241
5
208
78
242
5
208
77
245
5
208
71
247
5
208
66
5
6
208
74
6
6
209
76
8
6
209
77
9
6
210
89
10
6
212
97
12
6
209
79
13
6
210
88
14
6
210
73
15
6
210
73
16
6
210
94
17
6
213
106
18
6
212
98
19
6
212
94
20
6
211
95
21
6
211
93
22
6
211
97
23
6
213
103
24
6
212
101
25
6
211
96
26
6
210
89
27
6
211
99
28
6
211
99
29
6
212
100
30
6
213
100
31
6
213
102
32
6
213
101
33
6
213
104
34
6
213
102
35
6
212
95
36
6
210
90
37
6
210
80
38
6
210
83
39
6
210
92
40
6
210
85
41
6
210
94
43
6
211
99
44
6
211
97
45
6
212
97
46
6
210
98
47
6
210
88
48
6
210
85
49
6
210
90
51
6
211
98
52
6
211
93
53
6
211
96
54
6
211
96
55
6
211
93
56
6
211
92
57
6
210
90
58
6
209
76
59
6
210
81
60
6
210
89
61
6
210
85
62
6
209
81
63
6
209
82
64
6
210
84
65
6
210
92
66
6
210
97
67
6
209
86
69
6
211
92
70
6
210
84
72
6
210
93
73
6
210
85
74
6
210
86
75
6
210
88
76
6
210
92
77
6
210
83
78
6
210
90
79
6
210
91
80
6
210
84
81
6
210
86
83
6
210
87
84
6
211
98
85
6
211
99
86
6
211
98
87
6
211
97
88
6
211
95
89
6
211
102
90
6
211
97
92
6
211
101
93
6
211
95
94
6
210
99
95
6
210
90
96
6
214
103
98
6
212
97
99
6
212
102
101
6
211
94
103
6
210
95
104
6
210
84
105
6
211
93
106
6
211
89
107
6
210
96
108
6
210
90
109
6
210
83
110
6
211
94
111
6
211
93
113
6
211
95
114
6
210
85
115
6
214
98
116
6
213
100
117
6
216
104
118
6
214
105
119
6
216
107
120
6
217
105
121
6
216
105
122
6
216
105
123
6
216
105
124
6
214
104
125
6
214
104
126
6
212
101
127
6
215
105
128
6
212
98
129
6
215
83
130
6
211
98
133
6
209
75
147
6
208
71
154
6
210
75
155
6
209
72
157
6
209
82
161
6
209
78
163
6
209
71
164
6
209
69
167
6
209
80
168
6
209
66
170
6
210
73
171
6
210
84
172
6
210
89
174
6
210
80
175
6
210
86
177
6
209
87
179
6
210
83
180
6
210
89
181
6
209
84
182
6
209
73
186
6
209
85
187
6
209
69
189
6
209
79
190
6
210
90
192
6
210
88
193
6
210
91
194
6
210
92
195
6
210
86
196
6
210
91
197
6
210
94
198
6
210
88
200
6
210
88
201
6
210
78
202
6
210
80
204
6
210
79
205
6
209
88
206
6
210
88
207
6
210
84
208
6
210
86
209
6
209
84
210
6
210
86
211
6
210
87
212
6
210
87
213
6
209
86
214
6
210
81
215
6
210
84
216
6
209
82
218
6
209
92
219
6
209
79
220
6
210
85
221
6
209
86
222
6
210
82
223
6
209
85
225
6
209
87
226
6
209
89
227
6
209
82
228
6
209
80
229
6
209
82
230
6
209
80
231
6
209
75
232
6
209
78
233
6
209
87
234
6
209
74
235
6
209
79
236
6
209
78
238
6
208
74
240
6
209
93
241
6
209
81
242
6
209
74
246
6
209
77
247
6
209
85
248
6
209
91
249
6
210
91
250
6
209
76
251
6
210
82
252
6
210
82
253
6
210
88
254
6
210
85
255
6
210
82
0
7
209
90
1
7
210
93
2
7
210
91
3
7
210
101
4
7
209
81
5
7
210
86
6
7
210
91
7
7
210
82
8
7
209
92
9
7
210
82
10
7
209
86
11
7
210
83
12
7
209
84
13
7
209
80
14
7
210
96
15
7
209
82
16
7
210
85
18
7
210
87
19
7
210
90
20
7
210
89
21
7
209
90
22
7
209
85
23
7
210
88
24
7
210
85
25
7
210
81
26
7
210
93
27
7
209
86
28
7
210
93
31
7
210
91
32
7
210
91
33
7
210
88
35
7
211
88
38
7
210
92
40
7
211
99
41
7
209
78
42
7
210
83
43
7
212
102
44
7
209
62
46
7
208
78
48
7
211
98
89
7
210
89
132
7
209
89
133
7
210
93
134
7
211
98
135
7
213
104
136
7
212
100
137
7
211
100
138
7
210
87
232
7
210
84
233
7
210
90
234
7
208
74
235
7
210
92
236
7
212
98
237
7
211
99
238
7
211
97
239
7
210
97
240
7
210
84
241
7
211
89
242
7
210
94
243
7
211
89
244
7
210
95
245
7
210
89
246
7
210
93
248
7
211
89
249
7
211
97
250
7
211
95
251
7
210
88
252
7
211
95
253
7
210
91
254
7
211
97
255
7
210
92
0
8
210
87
1
8
210
92
3
8
211
88
4
8
211
90
5
8
211
92
6
8
211
97
7
8
211
91
8
8
210
91
9
8
210
86
10
8
211
90
11
8
211
86
12
8
210
92
13
8
210
86
14
8
210
88
15
8
211
88
16
8
210
79
18
8
210
90
19
8
212
100
20
8
209
85
21
8
209
89
22
8
209
69
23
8
209
80
25
8
209
85
26
8
209
83
27
8
209
89
30
8
210
77
31
8
210
94
32
8
211
78
33
8
210
98
34
8
210
83
35
8
211
97
36
8
211
98
37
8
210
90
39
8
210
86
40
8
210
89
41
8
210
88
42
8
210
78
44
8
210
90
45
8
209
86
46
8
209
75
48
8
209
60
70
8
207
61
86
8
210
88
87
8
210
79
89
8
211
100
90
8
211
88
91
8
211
98
92
8
211
96
93
8
210
90
94
8
209
81
95
8
212
101
96
8
211
96
97
8
212
103
98
8
212
99
99
8
212
103
100
8
211
95
101
8
211
99
102
8
212
96
103
8
212
97
104
8
212
98
105
8
211
94
106
8
210
90
107
8
210
92
108
8
211
90
109
8
210
86
110
8
211
91
112
8
211
100
113
8
211
93
114
8
210
95
115
8
211
95
116
8
210
88
117
8
211
93
118
8
211
90
119
8
211
90
120
8
211
99
122
8
212
97
123
8
212
100
124
8
213
104
125
8
212
102
126
8
213
101
127
8
214
104
128
8
212
95
129
8
212
97
130
8
211
101
132
8
213
103
133
8
214
104
135
8
212
99
136
8
212
94
137
8
212
97
138
8
212
97
139
8
212
99
140
8
211
101
141
8
212
100
142
8
211
95
143
8
211
99
144
8
212
100
145
8
212
93
146
8
211
97
147
8
212
99
148
8
212
97
149
8
212
100
150
8
212
101
151
8
212
103
152
8
212
101
155
8
212
100
156
8
213
88
157
8
212
89
159
8
212
96
160
8
212
96
161
8
212
101
162
8
212
98
163
8
212
102
164
8
211
103
165
8
211
100
166
8
213
75
167
8
212
99
169
8
211
80
171
8
211
98
172
8
211
83
173
8
211
98
174
8
211
100
175
8
211
96
176
8
211
96
177
8
211
100
178
8
211
100
179
8
212
93
180
8
211
98
181
8
212
94
182
8
212
99
183
8
211
99
184
8
211
97
185
8
211
95
186
8
211
98
187
8
212
97
188
8
212
97
189
8
211
96
190
8
211
98
192
8
212
103
193
8
212
97
194
8
211
97
195
8
211
99
197
8
210
96
198
8
211
90
201
8
212
95
202
8
211
99
203
8
211
101
204
8
211
97
206
8
211
94
207
8
211
96
208
8
212
97
209
8
211
97
210
8
211
97
211
8
211
100
212
8
212
99
213
8
211
94
214
8
211
98
215
8
211
102
216
8
212
70
217
8
211
94
218
8
211
97
219
8
212
97
220
8
210
97
221
8
210
75
222
8
210
83
223
8
210
93
224
8
210
95
225
8
210
93
226
8
210
86
227
8
210
94
228
8
210
86
229
8
210
94
230
8
210
88
231
8
210
90
232
8
211
93
233
8
210
90
235
8
210
90
236
8
211
88
237
8
211
95
238
8
210
89
240
8
209
86
241
8
210
87
242
8
210
81
243
8
210
90
244
8
210
88
245
8
210
91
246
8
211
96
247
8
210
98
250
8
209
81
251
8
209
87
253
8
209
86
255
8
209
78
0
9
209
77
1
9
209
83
2
9
209
93
3
9
210
81
4
9
210
80
6
9
209
86
8
9
210
85
9
9
209
83
10
9
210
88
11
9
210
83
12
9
210
88
14
9
210
85
15
9
210
93
16
9
210
83
17
9
210
88
18
9
210
89
19
9
210
91
20
9
210
91
21
9
210
85
22
9
209
85
23
9
210
87
24
9
210
96
25
9
210
88
26
9
210
82
27
9
210
92
28
9
210
82
29
9
210
93
30
9
210
82
31
9
211
91
32
9
210
87
33
9
210
95
34
9
210
83
35
9
210
92
36
9
210
87
37
9
210
81
38
9
210
90
39
9
209
94
40
9
210
91
41
9
210
89
42
9
210
91
44
9
210
85
45
9
210
90
46
9
210
99
47
9
210
92
48
9
210
85
49
9
210
85
50
9
210
91
51
9
210
87
52
9
210
92
53
9
210
88
54
9
210
90
55
9
210
89
56
9
210
89
58
9
210
77
59
9
210
90
60
9
210
92
62
9
210
87
63
9
209
86
65
9
210
89
66
9
209
85
67
9
210
90
68
9
210
82
69
9
210
80
70
9
210
91
71
9
210
86
72
9
210
87
73
9
210
91
74
9
210
86
75
9
210
78
76
9
210
88
77
9
210
93
78
9
210
90
79
9
210
89
80
9
209
88
81
9
210
91
82
9
210
87
83
9
210
87
84
9
210
87
85
9
210
86
86
9
210
93
87
9
210
88
88
9
210
94
89
9
210
94
90
9
210
89
91
9
210
88
92
9
210
92
93
9
209
95
94
9
210
95
95
9
210
89
96
9
212
101
97
9
212
102
98
9
211
101
99
9
212
95
100
9
210
96
101
9
209
81
102
9
210
87
103
9
210
93
104
9
210
93
105
9
210
88
107
9
210
91
108
9
210
94
109
9
211
89
110
9
210
89
112
9
210
83
113
9
210
92
115
9
210
92
116
9
210
77
117
9
210
93
118
9
210
82
119
9
210
93
121
9
210
89
122
9
210
87
123
9
210
87
124
9
210
88
125
9
210
85
127
9
210
89
128
9
210
83
129
9
210
89
130
9
210
85
131
9
210
90
133
9
209
88
134
9
210
92
135
9
210
81
136
9
210
88
137
9
210
83
138
9
211
93
139
9
211
89
140
9
211
96
141
9
211
91
142
9
211
95
143
9
211
99
144
9
210
90
145
9
210
96
146
9
210
97
147
9
210
80
148
9
210
90
149
9
210
89
150
9
210
87
151
9
210
76
152
9
209
90
153
9
210
86
154
9
210
86
155
9
210
83
156
9
210
88
157
9
210
87
158
9
210
88
159
9
210
84
160
9
210
96
161
9
210
86
162
9
210
96
163
9
210
96
165
9
210
90
166
9
211
94
167
9
210
96
168
9
211
92
169
9
210
84
170
9
210
87
171
9
211
91
172
9
210
93
173
9
211
84
174
9
210
88
175
9
210
98
176
9
210
96
177
9
210
83
178
9
210
92
180
9
210
89
181
9
211
87
182
9
211
96
183
9
211
90
184
9
210
97
185
9
210
91
186
9
210
86
187
9
210
97
188
9
210
94
189
9
211
90
190
9
211
91
191
9
210
95
192
9
210
86
193
9
210
94
194
9
210
87
195
9
210
97
196
9
210
92
197
9
210
92
198
9
210
92
199
9
210
89
201
9
209
90
202
9
210
85
203
9
210
99
204
9
210
89
205
9
210
87
206
9
210
84
207
9
210
88
208
9
210
90
209
9
210
92
211
9
210
83
212
9
211
95
213
9
210
94
214
9
210
94
215
9
210
98
216
9
211
74
217
9
210
88
218
9
210
94
219
9
211
78
220
9
210
87
221
9
210
91
222
9
210
91
223
9
211
93
224
9
210
87
225
9
210
94
226
9
210
92
227
9
210
95
228
9
210
89
230
9
210
95
231
9
210
91
232
9
210
85
233
9
210
89
234
9
211
97
235
9
212
99
236
9
212
102
237
9
211
90
239
9
212
99
240
9
212
97
241
9
211
101
242
9
209
87
243
9
209
90
244
9
210
83
245
9
210
88
246
9
210
93
248
9
211
96
250
9
210
91
251
9
211
92
252
9
210
89
253
9
211
90
254
9
210
94
255
9
210
90
0
10
211
91
1
10
210
95
2
10
210
87
4
10
210
90
5
10
210
91
6
10
210
87
7
10
211
95
8
10
210
84
9
10
210
97
10
10
211
93
11
10
210
96
13
10
211
93
14
10
210
95
15
10
210
88
16
10
210
92
17
10
211
92
18
10
210
95
19
10
210
87
21
10
210
89
22
10
211
94
23
10
210
87
24
10
211
92
25
10
210
92
26
10
210
92
27
10
210
91
28
10
210
96
29
10
210
88
30
10
210
87
31
10
210
87
32
10
210
95
33
10
210
88
34
10
210
87
36
10
210
93
37
10
210
97
39
10
210
87
40
10
210
90
41
10
210
95
42
10
210
86
43
10
210
96
44
10
210
86
45
10
210
94
46
10
210
91
47
10
209
79
48
10
209
84
49
10
209
73
50
10
210
82
51
10
209
85
52
10
210
85
53
10
210
92
54
10
210
90
55
10
209
82
56
10
209
84
57
10
209
84
58
10
209
87
59
10
209
84
61
10
210
88
62
10
210
84
63
10
209
81
65
10
210
92
66
10
209
87
67
10
210
86
68
10
210
81
70
10
210
77
71
10
210
87
72
10
209
82
73
10
209
80
74
10
209
86
75
10
210
69
76
10
209
91
77
10
210
87
78
10
210
87
79
10
209
77
80
10
210
85
81
10
209
65
82
10
208
84
83
10
209
83
86
10
210
81
87
10
213
100
88
10
214
105
89
10
212
99
90
10
212
100
91
10
212
100
92
10
212
103
93
10
213
101
94
10
213
101
95
10
212
98
96
10
212
92
97
10
212
100
98
10
212
102
99
10
213
101
100
10
215
104
101
10
215
105
102
10
212
100
109
10
208
68
112
10
212
97
113
10
215
107
114
10
214
104
115
10
217
106
116
10
213
100
