0
0
14
29
0
0
30
25
0
0
32
26
0
0
34
172
0
0
34
113
0
0
34
155
0
0
36
115
0
0
35
59
0
0
35
174
0
0
35
224
0
0
34
217
0
0
36
168
0
0
36
219
0
0
35
76
0
0
35
190
0
0
34
217
0
0
34
121
0
0
34
219
0
0
34
238
0
0
35
105
0
0
36
97
0
0
34
204
0
0
35
121
0
0
36
30
0
0
34
95
0
0
34
77
0
0
37
157
0
0
36
99
0
0
34
76
0
0
35
82
0
0
35
179
0
0
35
84
0
0
36
85
0
0
36
192
0
0
36
160
0
0
35
86
0
0
34
216
0
0
36
128
0
0
35
123
0
0
35
24
0
0
34
223
0
0
35
84
0
0
35
134
0
0
36
151
0
0
35
79
0
0
34
99
0
0
35
197
0
0
35
47
0
0
35
92
0
0
36
123
0
0
34
178
0
0
36
5
0
0
36
43
0
0
35
251
0
0
36
199
0
0
36
142
0
0
34
185
0
0
35
196
0
0
37
3
0
0
33
228
0
0
35
227
0
0
36
208
0
0
36
14
0
0
36
125
0
0
35
206
0
0
36
48
0
0
36
136
0
0
35
255
0
0
36
22
0
0
36
164
0
0
36
46
0
0
37
25
0
0
37
181
0
0
36
252
0
0
36
236
0
0
37
151
0
0
37
82
0
0
36
225
0
0
37
99
0
0
36
199
0
0
36
109
0
0
36
235
0
0
38
24
0
0
35
164
0
0
37
94
0
0
36
31
0
0
36
61
0
0
37
139
0
0
37
191
0
0
37
68
0
0
37
205
0
0
36
218
0
0
37
79
0
0
36
64
0
0
36
115
0
0
37
21
0
0
36
194
0
0
38
112
0
0
37
153
0
0
37
220
0
0
37
80
0
0
37
111
0
0
37
183
0
0
37
94
0
0
36
116
0
0
36
226
0
0
36
113
0
0
38
49
0
0
37
132
0
0
38
247
0
0
37
164
0
0
36
202
0
0
37
196
0
0
38
5
0
0
38
174
0
0
37
137
0
0
38
28
0
0
38
144
0
0
37
93
0
0
36
105
0
0
38
78
0
0
38
109
0
0
37
126
0
0
38
27
0
0
37
120
0
0
37
229
0
0
38
202
0
0
39
91
0
0
38
39
0
0
39
7
0
0
37
250
0
0
38
187
0
0
38
137
0
0
38
51
0
0
37
194
0
0
38
216
0
0
38
126
0
0
38
202
0
0
38
57
0
0
38
76
0
0
38
228
0
0
38
24
0
0
38
3
0
0
37
205
0
0
38
152
0
0
37
53
0
0
38
120
0
0
39
49
0
0
38
170
0
0
37
239
0
0
38
72
0
0
37
254
0
0
37
224
0
0
38
69
0
0
38
250
0
0
38
166
0
0
38
20
0
0
38
129
0
0
39
106
0
0
39
2
0
0
38
127
0
0
38
207
0
0
38
128
0
0
38
217
0
0
39
60
0
0
38
218
0
0
39
28
0
0
38
154
0
0
37
55
0
0
38
239
0
0
38
216
0
0
38
1
0
0
38
20
0
0
37
217
0
0
39
164
0
0
39
8
0
0
39
44
0
0
38
65
0
0
39
11
0
0
38
58
0
0
38
146
0
0
39
53
0
0
39
135
0
0
38
189
0
0
37
137
0
0
39
54
0
0
38
62
0
0
38
171
0
0
39
20
0
0
38
64
0
0
39
60
0
0
37
116
0
0
39
75
0
0
38
194
0
0
37
217
0
0
38
145
0
0
38
147
0
0
40
16
0
0
39
1
0
0
38
240
0
0
39
189
0
0
39
46
0
0
39
83
0
0
38
101
0
0
39
247
0
0
38
147
0
0
39
78
0
0
39
129
0
0
38
225
0
0
37
212
0
0
38
111
0
0
39
137
0
0
39
26
0
0
39
108
0
0
38
99
0
0
39
3
0
0
39
188
0
0
39
19
0
0
38
154
0
0
40
3
0
0
38
166
0
0
39
36
0
0
39
0
0
0
38
206
0
0
39
136
0
0
38
159
0
0
40
87
0
0
39
112
0
0
39
56
0
0
38
190
0
0
38
140
0
0
39
132
0
0
38
15
0
0
39
74
0
0
39
144
0
0
40
12
0
0
39
120
0
0
38
247
0
0
39
11
0
0
39
33
0
0
38
46
0
0
39
181
0
0
38
217
0
0
37
90
0
0
38
216
0
0
38
216
0
0
38
142
0
0
39
132
0
0
39
25
0
0
38
75
0
0
38
115
0
0
39
70
0
0
38
203
0
0
39
44
0
0
38
141
0
0
38
168
0
0
38
233
0
0
39
197
0
0
39
65
0
0
39
118
0
0
38
91
0
0
38
255
0
0
39
39
0
0
39
69
0
0
38
233
0
0
38
240
0
0
38
196
0
0
40
95
0
0
39
89
0
0
39
170
0
0
38
228
0
0
38
151
0
0
38
113
0
0
39
122
0
0
39
130
0
0
39
78
0
0
38
247
0
0
38
26
0
0
38
28
0
0
36
113
0
0
37
62
0
0
39
6
0
0
37
48
0
0
39
187
0
0
39
178
0
0
38
175
0
0
39
2
0
0
39
79
0
0
39
45
0
0
39
26
0
0
40
79
0
0
40
80
0
0
39
104
0
0
38
187
0
0
39
198
0
0
39
47
0
0
40
59
0
0
39
6
0
0
39
35
0
0
37
162
0
0
38
4
0
0
39
98
0
0
38
71
0
0
40
45
0
0
37
238
0
0
39
30
0
0
39
168
0
0
41
17
0
0
39
147
0
0
38
220
0
0
38
239
0
0
39
102
0
0
38
245
0
0
39
157
0
0
40
10
0
0
40
63
0
0
39
52
0
0
38
144
0
0
38
230
0
0
38
95
0
0
39
72
0
0
39
37
0
0
39
18
0
0
39
82
0
0
39
172
0
0
39
222
0
0
39
180
0
0
40
77
0
0
39
37
0
0
39
6
0
0
37
225
0
0
39
68
0
0
40
28
0
0
39
3
0
0
39
197
0
0
40
25
0
0
39
65
0
0
39
182
0
0
40
37
0
0
39
225
0
0
39
106
0
0
39
76
0
0
39
145
0
0
39
70
0
0
39
95
0
0
40
29
0
0
39
48
0
0
39
49
0
0
38
215
0
0
43
208
0
0
39
41
0
0
38
238
0
0
39
234
0
0
40
147
0
0
40
0
0
0
40
37
0
0
39
255
0
0
39
232
0
0
39
190
0
0
39
68
0
0
39
44
0
0
38
245
0
0
39
116
0
0
40
87
0
0
39
174
0
0
39
231
0
0
39
43
0
0
39
115
0
0
39
8
0
0
39
33
0
0
39
119
0
0
40
57
0
0
39
159
0
0
41
3
0
0
39
138
0
0
39
191
0
0
40
168
0
0
40
101
0
0
39
105
0
0
39
174
0
0
39
161
0
0
41
225
0
0
40
106
0
0
41
27
0
0
41
134
0
0
40
107
0
0
38
168
0
0
39
64
0
0
40
29
0
0
40
130
0
0
39
108
0
0
39
224
0
0
39
234
0
0
40
87
0
0
40
55
0
0
40
179
0
0
40
39
0
0
40
25
0
0
39
171
0
0
39
97
0
0
39
157
0
0
40
32
0
0
41
115
0
0
40
224
0
0
40
187
0
0
39
171
0
0
40
54
0
0
40
71
0
0
39
141
0
0
39
178
0
0
40
55
0
0
39
252
0
0
39
125
0
0
38
252
0
0
41
50
0
0
39
157
0
0
40
74
0
0
40
104
0
0
39
109
0
0
40
88
0
0
40
20
0
0
39
193
0
0
40
53
0
0
39
198
0
0
40
65
0
0
39
246
0
0
41
5
0
0
40
215
0
0
40
166
0
0
39
195
0
0
40
46
0
0
40
77
0
0
40
86
0
0
39
69
0
0
39
180
0
0
40
44
0
0
40
182
0
0
40
44
0
0
39
214
0
0
39
47
0
0
40
18
0
0
40
164
0
0
39
181
0
0
40
119
0
0
41
239
0
0
40
183
0
0
41
35
0
0
40
197
0
0
39
112
0
0
39
227
0
0
39
113
0
0
39
214
0
0
39
201
0
0
40
32
0
0
40
241
0
0
40
1
0
0
39
225
0
0
39
220
0
0
40
52
0
0
39
139
0
0
39
100
0
0
41
40
0
0
40
4
0
0
40
194
0
0
39
99
0
0
40
34
0
0
40
196
0
0
40
85
0
0
39
235
0
0
40
218
0
0
39
236
0
0
40
113
0
0
40
18
0
0
39
190
0
0
40
8
0
0
40
91
0
0
40
127
0
0
41
53
0
0
39
0
0
0
40
63
0
0
39
207
0
0
39
20
0
0
40
24
0
0
40
226
0
0
39
125
0
0
39
155
0
0
40
182
0
0
40
60
0
0
39
240
0
0
40
28
0
0
40
202
0
0
40
166
0
0
41
107
0
0
39
252
0
0
39
244
0
0
40
27
0
0
40
224
0
0
39
243
0
0
39
107
0
0
40
202
0
0
40
14
0
0
41
190
0
0
39
230
0
0
40
116
0
0
40
160
0
0
40
9
0
0
39
160
0
0
39
162
0
0
40
119
0
0
40
8
0
0
40
61
0
0
39
103
0
0
40
84
0
0
40
110
0
0
39
92
0
0
40
57
0
0
40
24
0
0
41
32
0
0
40
54
0
0
38
185
0
0
41
240
0
0
40
58
0
0
40
81
0
0
41
115
0
0
39
142
0
0
39
149
0
0
40
99
0
0
38
214
0
0
39
198
0
0
40
60
0
0
40
9
0
0
40
165
0
0
40
76
0
0
41
94
0
0
40
199
0
0
40
53
0
0
41
98
0
0
40
243
0
0
40
58
0
0
40
50
0
0
39
83
0
0
39
59
0
0
39
224
0
0
41
175
0
0
42
35
0
0
40
187
0
0
40
40
0
0
39
223
0
0
40
34
0
0
40
117
0
0
39
202
0
0
39
147
0
0
40
128
0
0
39
20
0
0
40
7
0
0
40
216
0
0
40
37
0
0
41
20
0
0
39
154
0
0
39
252
0
0
40
140
0
0
39
237
0
0
39
133
0
0
40
14
0
0
41
8
0
0
39
242
0
0
40
217
0
0
39
244
0
0
39
172
0
0
40
60
0
0
40
48
0
0
38
23
0
0
39
111
0
0
38
184
0
0
39
180
0
0
40
98
0
0
39
56
0
0
40
156
0
0
39
202
0
0
39
127
0
0
38
138
0
0
40
38
0
0
39
143
0
0
38
229
0
0
40
40
0
0
39
165
0
0
39
106
0
0
39
60
0
0
39
255
0
0
39
119
0
0
40
142
0
0
39
205
0
0
41
7
0
0
40
85
0
0
42
185
0
0
40
94
0
0
40
167
0
0
39
238
0
0
40
250
0
0
39
182
0
0
39
171
0
0
40
55
0
0
40
112
0
0
39
166
0
0
39
152
0
0
39
185
0
0
40
57
0
0
39
173
0
0
40
110
0
0
40
214
0
0
39
197
0
0
39
229
0
0
40
26
0
0
39
136
0
0
39
111
0
0
40
102
0
0
39
67
0
0
39
246
0
0
40
155
0
0
40
115
0
0
40
10
0
0
42
181
0
0
40
102
0
0
39
160
0
0
40
33
0
0
40
0
0
0
40
55
0
0
40
142
0
0
39
170
0
0
40
62
0
0
39
195
0
0
39
242
0
0
39
210
0
0
40
205
0
0
41
8
0
0
40
108
0
0
40
49
0
0
41
15
0
0
40
250
0
0
40
244
0
0
40
94
0
0
40
35
0
0
38
251
0
0
39
232
0
0
40
209
0
0
40
247
0
0
40
67
0
0
40
157
0
0
39
193
0
0
39
145
0
0
40
139
0
0
38
247
0
0
40
220
0
0
41
119
0
0
42
203
0
0
40
105
0
0
39
127
0
0
40
218
0
0
41
105
0
0
40
53
0
0
40
33
0
0
39
205
0
0
40
221
0
0
40
98
0
0
41
73
0
0
41
28
0
0
42
160
0
0
40
10
0
0
40
195
0
0
40
242
0
0
39
194
0
0
41
158
0
0
40
62
0
0
40
41
0
0
40
1
0
0
40
92
0
0
39
170
0
0
40
155
0
0
40
56
0
0
39
139
0
0
40
108
0
0
40
233
0
0
41
64
0
0
40
121
0
0
41
125
0
0
40
88
0
0
39
251
0
0
41
116
0
0
40
175
0
0
40
51
0
0
40
109
0
0
40
240
0
0
41
4
0
0
41
104
0
0
41
140
0
0
39
29
0
0
38
214
0
0
39
35
0
0
40
49
0
0
39
132
0
0
42
242
0
0
40
56
0
0
40
219
0
0
40
41
0
0
40
119
0
0
39
133
0
0
39
105
0
0
40
84
0
0
40
2
0
0
40
73
0
0
40
209
0
0
40
119
0
0
41
224
0
0
40
141
0
0
39
123
0
0
40
242
0
0
41
43
0
0
42
92
0
0
41
77
0
0
40
11
0
0
40
162
0
0
40
1
0
0
40
158
0
0
40
73
0
0
39
201
0
0
39
82
0
0
40
61
0
0
40
234
0
0
40
214
0
0
39
114
0
0
41
89
0
0
39
141
0
0
39
25
0
0
39
114
0
0
40
149
0
0
39
202
0
0
39
134
0
0
39
195
0
0
40
1
0
0
39
223
0
0
39
236
0
0
40
43
0
0
40
31
0
0
39
97
0
0
40
181
0
0
42
0
0
0
41
30
0
0
40
71
0
0
39
97
0
0
40
172
0
0
38
197
0
0
41
38
0
0
38
238
0
0
40
226
0
0
39
253
0
0
41
60
0
0
40
38
0
0
41
139
0
0
40
146
0
0
40
198
0
0
40
31
0
0
41
57
0
0
40
246
0
0
41
155
0
0
39
123
0
0
40
90
0
0
39
117
0
0
39
121
0
0
40
158
0
0
40
110
0
0
40
194
0
0
40
253
0
0
40
217
0
0
42
238
0
0
40
122
0
0
40
88
0
0
40
95
0
0
39
157
0
0
40
91
0
0
40
39
0
0
39
252
0
0
40
145
0
0
39
212
0
0
40
147
0
0
40
47
0
0
39
114
0
0
39
166
0
0
40
154
0
0
40
40
0
0
40
61
0
0
39
152
0
0
38
165
0
0
40
16
0
0
40
7
0
0
40
60
0
0
39
168
0
0
40
192
0
0
41
7
0
0
39
230
0
0
40
19
0
0
40
183
0
0
41
100
0
0
40
11
0
0
41
32
0
0
40
76
0
0
39
246
0
0
42
44
0
0
39
182
0
0
40
249
0
0
40
60
0
0
40
4
0
0
39
160
0
0
40
241
0
0
39
31
0
0
40
225
0
0
39
151
0
0
41
201
0
0
39
191
0
0
40
184
0
0
40
51
0
0
39
231
0
0
39
238
0
0
40
146
0
0
39
213
0
0
39
174
0
0
40
219
0
0
40
201
0
0
41
69
0
0
40
128
0
0
40
134
0
0
39
218
0
0
40
5
0
0
41
6
0
0
39
101
0
0
39
234
0
0
39
103
0
0
39
127
0
0
40
159
0
0
38
229
0
0
40
34
0
0
39
242
0
0
41
8
0
0
39
182
0
0
40
19
0
0
40
96
0
0
41
14
0
0
41
142
0
0
39
133
0
0
40
114
0
0
41
118
0
0
39
238
0
0
38
195
0
0
40
26
0
0
41
13
0
0
40
73
0
0
40
68
0
0
39
170
0
0
40
29
0
0
40
9
0
0
41
236
0
0
39
253
0
0
40
180
0
0
40
103
0
0
40
98
0
0
42
22
0
0
42
64
0
0
39
191
0
0
40
101
0
0
40
255
0
0
40
205
0
0
39
47
0
0
41
77
0
0
40
76
0
0
39
208
0
0
41
206
0
0
39
170
0
0
40
175
0
0
40
4
0
0
40
16
0
0
40
194
0
0
40
218
0
0
41
91
0
0
41
255
0
0
39
26
0
0
41
146
0
0
40
80
0
0
39
138
0
0
41
174
0
0
39
139
0
0
41
66
0
0
41
76
0
0
40
191
0
0
41
11
0
0
40
174