0
0
24
140
0
0
33
250
0
0
34
241
0
0
35
107
0
0
34
250
0
0
35
201
0
0
35
182
0
0
33
44
0
0
35
178
0
0
34
245
0
0
36
50
0
0
36
6
0
0
36
180
0
0
35
215
0
0
35
167
0
0
36
216
0
0
36
78
0
0
36
0
0
0
36
123
0
0
37
91
0
0
37
75
0
0
36
106
0
0
36
237
0
0
37
23
0
0
37
137
0
0
38
41
0
0
38
27
0
0
37
68
0
0
37
5
0
0
37
202
0
0
37
17
0
0
37
105
0
0
37
94
0
0
37
167
0
0
38
28
0
0
38
236
0
0
39
16
0
0
38
126
0
0
38
178
0
0
38
130
0
0
38
207
0
0
39
50
0
0
39
75
0
0
38
113
0
0
37
227
0
0
37
235
0
0
37
199
0
0
38
108
0
0
38
106
0
0
38
12
0
0
37
147
0
0
37
222
0
0
37
193
0
0
37
82
0
0
37
103
0
0
37
208
0
0
38
10
0
0
38
61
0
0
38
124
0
0
38
168
0
0
38
161
0
0
39
58
0
0
37
200
0
0
37
105
0
0
37
124
0
0
37
51
0
0
37
45
0
0
37
53
0
0
38
20
0
0
38
74
0
0
38
191
0
0
38
44
0
0
37
179
0
0
38
44
0
0
38
39
0
0
38
62
0
0
38
112
0
0
38
207
0
0
39
0
0
0
37
241
0
0
38
141
0
0
38
206
0
0
38
236
0
0
39
170
0
0
38
217
0
0
38
141
0
0
38
172
0
0
39
64
0
0
38
176
0
0
39
7
0
0
38
157
0
0
38
132
0
0
38
40
0
0
38
163
0
0
38
169
0
0
37
217
0
0
38
177
0
0
39
15
0
0
37
58
0
0
38
222
0
0
38
70
0
0
38
49
0
0
38
201
0
0
38
137
0
0
39
127
0
0
38
185
0
0
38
102
0
0
39
142
0
0
39
46
0
0
39
205
0
0
38
224
0
0
39
10
0
0
39
20
0
0
38
204
0
0
39
29
0
0
38
182
0
0
39
32
0
0
39
160
0
0
39
204
0
0
39
102
0
0
39
245
0
0
40
5
0
0
39
116
0
0
39
186
0
0
39
177
0
0
39
62
0
0
39
210
0
0
39
117
0
0
39
93
0
0
39
232
0
0
39
247
0
0
40
98
0
0
40
188
0
0
40
150
0
0
40
75
0
0
40
72
0
0
39
185
0
0
39
152
0
0
39
97
0
0
39
203
0
0
39
169
0
0
39
103
0
0
39
129
0
0
39
161
0
0
39
123
0
0
39
42
0
0
38
239
0
0
39
19
0
0
39
40
0
0
39
27
0
0
39
84
0
0
39
139
0
0
39
26
0
0
39
194
0
0
39
153
0
0
39
100
0
0
39
132
0
0
38
112
0
0
39
42
0
0
38
248
0
0
39
239
0
0
40
177
0
0
40
144
0
0
39
124
0
0
39
217
0
0
39
219
0
0
39
190
0
0
39
74
0
0
39
111
0
0
39
6
0
0
39
104
0
0
39
125
0
0
38
222
0
0
39
158
0
0
39
92
0
0
39
85
0
0
39
113
0
0
39
194
0
0
39
130
0
0
39
138
0
0
39
39
0
0
39
139
0
0
39
27
0
0
39
32
0
0
39
95
0
0
39
139
0
0
39
245
0
0
40
174
0
0
40
0
0
0
40
48
0
0
40
24
0
0
40
144
0
0
40
145
0
0
40
82
0
0
40
124
0
0
40
133
0
0
40
225
0
0
40
251
0
0
40
117
0
0
40
81
0
0
40
104
0
0
40
254
0
0
40
107
0
0
40
192
0
0
40
255
0
0
40
255
0
0
41
44
0
0
41
18
0
0
41
190
0
0
41
165
0
0
41
158
0
0
41
25
0
0
42
9
0
0
41
137
0
0
41
112
0
0
41
66
0
0
41
124
0
0
41
9
0
0
40
46
0
0
41
35
0
0
41
7
0
0
40
98
0
0
40
130
0
0
40
217
0
0
41
62
0
0
40
245
0
0
40
94
0
0
40
207
0
0
40
226
0
0
40
179
0
0
40
15
0
0
39
134
0
0
39
215
0
0
42
128
0
0
41
255
0
0
41
57
0
0
41
119
0
0
41
92
0
0
41
29
0
0
41
117
0
0
41
110
0
0
41
164
0
0
41
44
0
0
41
102
0
0
41
93
0
0
41
109
0
0
41
142
0
0
41
203
0
0
42
16
0
0
39
181
0
0
39
112
0
0
40
11
0
0
41
133
0
0
41
153
0
0
41
228
0
0
41
92
0
0
41
220
0
0
41
213
0
0
39
255
0
0
39
61
0
0
40
9
0
0
40
220
0
0
40
161
0
0
40
190
0
0
40
254
0
0
41
1
0
0
40
166
0
0
39
18
0
0
39
116
0
0
40
62
0
0
40
166
0
0
41
19
0
0
40
249
0
0
40
249
0
0
40
174
0
0
40
245
0
0
38
238
0
0
39
34
0
0
39
249
0
0
40
237
0
0
41
39
0
0
41
119
0
0
42
5
0
0
41
154
0
0
41
157
0
0
39
71
0
0
38
103
0
0
39
162
0
0
40
164
0
0
40
131
0
0
41
12
0
0
40
195
0
0
40
181
0
0
41
78
0
0
39
147
0
0
38
95
0
0
40
47
0
0
41
79
0
0
40
209
0
0
41
189
0
0
41
67
0
0
41
129
0
0
41
46
0
0
41
52
0
0
41
34
0
0
40
245
0
0
41
59
0
0
41
15
0
0
40
101
0
0
41
54
0
0
41
136
0
0
41
92
0
0
41
102
0
0
41
163
0
0
41
136
0
0
41
22
0
0
41
96
0
0
41
113
0
0
40
213
0
0
41
69
0
0
41
243
0
0
41
208
0
0
42
5
0
0
41
181
0
0
41
167
0
0
41
69
0
0
41
174
0
0
41
99
0
0
41
106
0
0
41
156
0
0
41
65
0
0
41
139
0
0
41
2
0
0
40
188
0
0
40
170
0
0
40
161
0
0
40
128
0
0
40
199
0
0
40
217
0
0
40
178
0
0
41
4
0
0
40
216
0
0
40
234
0
0
40
173
0
0
41
135
0
0
41
60
0
0
41
6
0
0
41
131
0
0
41
166
0
0
41
58
0
0
41
67
0
0
41
66
0
0
41
10
0
0
41
20
0
0
41
118
0
0
41
24
0
0
41
42
0
0
41
26
0
0
41
78
0
0
41
92
0
0
41
5
0
0
41
8
0
0
41
150
0
0
41
46
0
0
41
89
0
0
41
161
0
0
41
220
0
0
41
164
0
0
41
43
0
0
40
199
0
0
41
138
0
0
41
185
0
0
41
98
0
0
41
102
0
0
40
249
0
0
41
119
0
0
41
104
0
0
41
97
0
0
41
66
0
0
41
161
0
0
41
114
0
0
41
212
0
0
41
148
0
0
42
49
0
0
41
155
0
0
41
141
0
0
41
70
0
0
41
124
0
0
41
136
0
0
41
214
0
0
41
134
0
0
41
172
0
0
41
65
0
0
41
245
0
0
41
199
0
0
41
52
0
0
41
188
0
0
41
85
0
0
41
154
0
0
41
225
0
0
41
145
0
0
41
175
0
0
41
99
0
0
41
127
0
0
41
22
0
0
41
126
0
0
41
30
0
0
42
6
0
0
41
139
0
0
41
208
0
0
40
48
0
0
40
187
0
0
40
252
0
0
41
64
0
0
41
216
0
0
42
46
0
0
39
196
0
0
41
47
0
0
40
201
0
0
41
254
0
0
42
46
0
0
42
178
0
0
42
190
0
0
41
129
0
0
42
200
0
0
42
148
255
255
102
229
0
0
42
137
0
0
42
73
0
0
42
122
0
0
42
145
0
0
40
142
0
0
41
60
0
0
41
134
0
0
42
91
0
0
42
178
0
0
42
168
0
0
42
92
0
0
42
126
0
0
42
115
0
0
42
169
0
0
42
194
0
0
42
108
0
0
42
127
0
0
42
170
0
0
42
191
0
0
42
94
0
0
42
123
0
0
42
131
0
0
43
33
0
0
42
165
0
0
42
229
0
0
42
234
0
0
42
232
0
0
43
8
0
0
42
135
0
0
42
138
0
0
42
216
0
0
43
10
0
0
43
5
0
0
42
135
0
0
42
174
0
0
42
56
0
0
42
74
0
0
42
60
0
0
42
207
0
0
42
213
0
0
42
136
0
0
42
148
0
0
42
123
0
0
42
65
0
0
40
16
0
0
40
43
0
0
40
226
0
0
43
23
0
0
43
23
0
0
43
49
0
0
43
148
0
0
43
28
0
0
42
215
0
0
40
32
0
0
40
207
0
0
41
16
0
0
43
103
0
0
43
7
0
0
43
98
0
0
43
231
0
0
43
145
0
0
43
162
0
0
40
169
0
0
40
62
0
0
41
39
0
0
42
179
0
0
42
88
0
0
42
1
0
0
42
240
0
0
42
234
0
0
43
6
0
0
40
78
0
0
40
213
0
0
41
250
0
0
42
136
0
0
42
251
0
0
42
206
0
0
42
68
0
0
42
180
0
0
42
146
0
0
40
151
0
0
40
159
0
0
41
189
0
0
42
150
0
0
43
7
0
0
42
103
0
0
43
48
0
0
42
201
0
0
43
3
0
0
40
104
0
0
41
31
0
0
41
241
0
0
43
3
0
0
42
180
0
0
43
90
0
0
42
102
0
0
42
128
0
0
42
232
0
0
40
167
0
0
40
108
0
0
41
205
0
0
42
92
0
0
43
21
0
0
42
222
0
0
42
105
0
0
42
231
0
0
42
167
0
0
40
209
0
0
40
122
0
0
41
197
0
0
42
187
0
0
42
168
0
0
42
126
0
0
42
171
0
0
42
128
0
0
41
48
0
0
40
24
0
0
39
67
0
0
41
167
0
0
42
43
0
0
41
201
0
0
41
166
0
0
42
8
0
0
41
215
0
0
42
34
0
0
41
240
0
0
42
13
0
0
41
194
0
0
42
119
0
0
41
171
0
0
42
59
0
0
42
2
0
0
41
247
0
0
42
28
0
0
41
208
0
0
42
47
0
0
42
73
0
0
42
135
0
0
41
235
0
0
42
67
0
0
42
93
0
0
42
113
0
0
42
70
0
0
42
36
0
0
42
50
0
0
43
39
0
0
42
253
0
0
42
136
0
0
43
14
0
0
42
185
0
0
42
160
0
0
43
42
0
0
42
226
0
0
42
239
0
0
43
5
0
0
42
209
0
0
43
33
0
0
43
21
0
0
42
244
0
0
42
152
0
0
43
3
0
0
43
61
0
0
43
14
0
0
42
181
0
0
42
249
0
0
42
199
0
0
43
14
0
0
42
166
0
0
42
255
0
0
42
227
0
0
43
27
0
0
40
141
0
0
39
141
0
0
41
188
0
0
42
226
0
0
43
62
0
0
42
230
0
0
43
65
0
0
43
19
0
0
43
40
0
0
43
49
0
0
42
231
0
0
42
220
0
0
43
131
0
0
43
16
0
0
43
76
0
0
43
58
0
0
43
163
0
0
43
123
0
0
43
91
0
0
43
37
0
0
43
112
0
0
43
111
0
0
43
137
0
0
43
59
0
0
43
22
0
0
43
27
0
0
43
63
0
0
43
22
0
0
42
194
0
0
43
29
0
0
43
53
0
0
42
137
0
0
39
206
0
0
41
4
0
0
43
105
0
0
43
156
0
0
43
219
0
0
43
223
0
0
43
113
0
0
43
253
0
0
43
159
0
0
43
96
0
0
43
68
0
0
41
115
0
0
40
44
0
0
41
116
0
0
43
35
0
0
43
139
0
0
43
67
0
0
42
171
0
0
43
29
0
0
43
17
0
0
43
38
0
0
42
240
0
0
43
214
0
0
43
149
0
0
43
188
0
0
43
120
0
0
43
240
0
0
43
163
0
0
43
96
0
0
43
36
0
0
43
158
0
0
43
50
0
0
42
230
0
0
42
203
0
0
43
7
0
0
43
35
0
0
43
124
0
0
43
20
0
0
43
48
0
0
43
88
0
0
42
239
0
0
43
68
0
0
43
72
0
0
43
64
0
0
43
87
0
0
43
35
0
0
43
54
0
0
43
47
0
0
43
75
0
0
43
31
0
0
42
251
0
0
43
113
0
0
42
197
0
0
42
171
0
0
43
58
0
0
41
172
0
0
42
255
0
0
42
160
0
0
43
16
0
0
43
52
0
0
42
161
0
0
42
229
0
0
44
12
0
0
42
186
0
0
43
135
0
0
43
61
0
0
43
63
0
0
43
29
0
0
42
163
0
0
43
10
0
0
42
214
0
0
42
246
0
0
42
160
0
0
42
208
0
0
42
187
0
0
42
171
0
0
43
115
0
0
42
250
0
0
42
151
0
0
42
253
0
0
43
49
0
0
42
117
0
0
42
155
0
0
42
205
0
0
43
89
0
0
42
219
0
0
43
1
0
0
42
135
0
0
42
131
0
0
42
139
0
0
42
141
0
0
42
123
0
0
42
34
0
0
42
82
0
0
42
138
0
0
42
192
0
0
42
148
0
0
42
100
0
0
42
172
0
0
42
114
0
0
41
109
0
0
41
50
0
0
42
141
0
0
42
77
0
0
43
68
0
0
42
150
0
0
42
182
0
0
42
253
0
0
42
134
0
0
42
222
0
0
42
86
0
0
42
111
0
0
42
162
0
0
42
80
0
0
42
67
0
0
42
159
0
0
42
222
0
0
42
149
0
0
42
8