0
0
18
115
0
0
30
45
0
0
32
198
0
0
33
181
0
0
34
235
0
0
37
203
0
0
36
73
0
0
36
233
0
0
35
11
0
0
34
48
0
0
35
141
0
0
34
237
0
0
34
41
0
0
34
15
0
0
34
249
0
0
34
168
0
0
35
143
0
0
35
55
0
0
35
77
0
0
35
148
0
0
36
31
0
0
36
194
0
0
36
7
0
0
36
196
0
0
40
46
0
0
39
243
0
0
39
10
0
0
37
38
0
0
38
234
0
0
38
18
0
0
38
91
0
0
36
114
0
0
37
31
0
0
37
89
0
0
38
72
0
0
35
241
0
0
36
155
0
0
36
248
0
0
35
201
0
0
37
130
0
0
37
146
0
0
36
97
0
0
36
201
0
0
37
43
0
0
37
196
0
0
36
236
0
0
37
186
0
0
37
144
0
0
37
16
0
0
38
14
0
0
37
106
0
0
38
46
0
0
37
255
0
0
37
166
0
0
38
38
0
0
37
46
0
0
36
255
0
0
39
138
0
0
38
140
0
0
37
239
0
0
37
82
0
0
37
94
0
0
37
242
0
0
38
238
0
0
38
78
0
0
38
178
0
0
39
228
0
0
37
216
0
0
38
38
0
0
41
249
0
0
40
142
0
0
39
250
0
0
38
213
0
0
39
243
0
0
39
18
0
0
39
227
0
0
39
225
0
0
38
235
0
0
40
187
0
0
40
198
0
0
39
254
0
0
39
85
0
0
40
248
0
0
40
140
0
0
38
137
0
0
39
184
0
0
38
230
0
0
39
178
0
0
40
123
0
0
40
63
0
0
41
1
0
0
40
195
0
0
41
72
0
0
41
139
0
0
41
21
0
0
41
70
0
0
41
44
0
0
41
34
0
0
41
91
0
0
39
92
0
0
41
96
0
0
39
177
0
0
39
207
0
0
41
146
0
0
41
55
0
0
40
21
0
0
39
55
0
0
40
182
0
0
40
240
0
0
40
209
0
0
40
148
0
0
40
241
0
0
40
156
0
0
41
64
0
0
40
176
0
0
41
38
0
0
40
210
0
0
40
221
0
0
40
140
0
0
40
205
0
0
39
235
0
0
39
169
0
0
41
24
0
0
40
196
0
0
39
251
0
0
39
205
0
0
41
81
0
0
41
132
0
0
41
167
0
0
40
200
0
0
43
8
0
0
40
109
0
0
41
26
0
0
40
225
0
0
41
149
0
0
41
214
0
0
41
221
0
0
40
244
0
0
41
117
0
0
41
49
0
0
40
157
0
0
41
179
0
0
41
74
0
0
40
42
0
0
41
11
0
0
40
95
0
0
40
180
0
0
41
232
0
0
41
133
0
0
41
155
0
0
41
232
0
0
39
205
0
0
41
18
0
0
41
116
0
0
41
109
0
0
41
59
0
0
41
230
0
0
41
118
0
0
41
53
0
0
42
38
0
0
41
174
0
0
40
187
0
0
41
135
0
0
41
13
0
0
41
146
0
0
41
87
0
0
41
119
0
0
41
174
0
0
41
134
0
0
40
187
0
0
42
130
0
0
41
216
0
0
42
11
0
0
41
97
0
0
41
87
0
0
41
218
0
0
41
195
0
0
41
139
0
0
42
38
0
0
41
187
0
0
41
150
0
0
41
172
0
0
40
207
0
0
41
109
0
0
41
166
0
0
41
138
0
0
41
85
0
0
41
100
0
0
41
187
0
0
41
242
0
0
42
49
0
0
41
108
0
0
40
183
0
0
43
209
0
0
42
105
0
0
40
156
0
0
39
132
0
0
40
233
0
0
40
31
0
0
41
71
0
0
41
10
0
0
41
253
0
0
39
142
0
0
39
37
0
0
42
24
0
0
40
135
0
0
42
254
0
0
41
1
0
0
43
51
0
0
40
191
0
0
42
84
0
0
40
174
0
0
40
181
0
0
41
86
0
0
41
117
0
0
41
24
0
0
41
40
0
0
40
158
0
0
43
176
0
0
44
129
0
0
43
151
0
0
43
9
0
0
42
253
0
0
43
122
0
0
42
86
0
0
40
138
0
0
40
255
0
0
41
126
0
0
40
101
0
0
40
142
0
0
40
139
0
0
40
222
0
0
41
143
0
0
41
238
0
0
39
244
0
0
41
47
0
0
40
249
0
0
40
66
0
0
41
106
0
0
40
47
0
0
40
163
0
0
42
35
0
0
41
157
0
0
40
246
0
0
40
218
0
0
40
21
0
0
40
116
0
0
40
224
0
0
41
57
0
0
41
203
0
0
41
221
0
0
41
14
0
0
40
67
0
0
40
163
0
0
40
82
0
0
40
150
0
0
40
215
0
0
41
99
0
0
41
3
0
0
40
217
0
0
40
39
0
0
40
166
0
0
40
141
0
0
41
117
0
0
41
30
0
0
39
135
0
0
41
78
0
0
41
202
0
0
40
145
0
0
40
200
0
0
41
89
0
0
41
3
0
0
39
225
0
0
40
69
0
0
40
222
0
0
41
70
0
0
41
220
0
0
42
4
0
0
41
207
0
0
42
30
0
0
41
49
0
0
40
222
0
0
40
214
0
0
40
37
0
0
40
206
0
0
41
107
0
0
41
26
0
0
41
52
0
0
40
173
0
0
40
178
0
0
40
144
0
0
41
72
0
0
41
36
0
0
41
202
0
0
41
153
0
0
41
50
0
0
41
100
0
0
41
16
0
0
41
82
0
0
42
37
0
0
41
28
0
0
41
59
0
0
41
101
0
0
40
229
0
0
40
250
0
0
41
146
0
0
40
172
0
0
40
244
0
0
41
40
0
0
40
174
0
0
41
72
0
0
40
57
0
0
42
138
0
0
40
80
0
0
40
205
0
0
40
197
0
0
41
32
0
0
41
75
0
0
41
77
0
0
41
49
0
0
40
171
0
0
42
39
0
0
40
225
0
0
41
98
0
0
40
142
0
0
41
209
0
0
41
119
0
0
41
34
0
0
42
66
0
0
40
249
0
0
43
201
0
0
41
121
0
0
41
158
0
0
40
220
0
0
42
26
0
0
42
75
0
0
42
37
0
0
43
189
0
0
42
16
0
0
42
65
0
0
43
78
0
0
42
163
0
0
42
5
0
0
41
174
0
0
43
130
0
0
43
90
0
0
42
9
0
0
41
110
0
0
41
5
0
0
40
169
0
0
42
217
0
0
42
62
0
0
41
6
0
0
41
53
0
0
42
33
0
0
42
135
0
0
42
57
0
0
42
43
0
0
42
136
0
0
41
80
0
0
41
40
0
0
41
176
0
0
42
7
0
0
42
2
0
0
41
96
0
0
42
177
0
0
41
70
0
0
40
188
0
0
41
162
0
0
40
225
0
0
43
94
0
0
41
137
0
0
40
189
0
0
42
17
0
0
42
84
0
0
41
81
0
0
43
245
0
0
40
240
0
0
41
179
0
0
45
255
0
0
44
252
0
0
42
250
0
0
42
174
0
0
44
101
0
0
43
234
0
0
41
117
0
0
40
27
0
0
39
236
0
0
40
54
0
0
39
233
0
0
39
178
0
0
40
28
0
0
40
76
0
0
41
211
0
0
40
209
0
0
42
191
0
0
39
196
0
0
40
210
0
0
40
155
0
0
40
163
0
0
41
152
0
0
41
31
0
0
41
84
0
0
40
160
0
0
40
28
0
0
41
85
0
0
41
48
0
0
41
187
0
0
40
241
0
0
41
121
0
0
42
113
0
0
41
153
0
0
41
12
0
0
41
127
0
0
42
32
0
0
41
51
0
0
42
109
0
0
43
241
0
0
43
69
0
0
41
58
0
0
41
114
0
0
43
105
0
0
40
234
0
0
41
168
0
0
41
57
0
0
40
132
0
0
41
114
0
0
41
138
0
0
40
55
0
0
41
181
0
0
40
130
0
0
42
145
0
0
40
220
0
0
43
85
0
0
41
227
0
0
43
127
0
0
39
219
0
0
39
176
0
0
40
124
0
0
40
97
0
0
41
61
0
0
40
52
0
0
40
218
0
0
39
207
0
0
39
229
0
0
39
155
0
0
39
254
0
0
39
88
0
0
39
145
0
0
39
192
0
0
40
98
0
0
41
95
0
0
40
25
0
0
39
215
0
0
40
32
0
0
39
148
0
0
39
231
0
0
41
147
0
0
41
193
0
0
40
228
0
0
41
63
0
0
40
77
0
0
40
201
0
0
41
74
0
0
40
150
0
0
39
194
0
0
41
11
0
0
41
143
0
0
40
226
0
0
39
243
0
0
40
67
0
0
39
226
0
0
40
224
0
0
41
236
0
0
41
134
0
0
40
122
0
0
40
223
0
0
41
33
0
0
42
20
0
0
41
218
0
0
41
156
0
0
40
169
0
0
41
183
0
0
42
55
0
0
42
37
0
0
42
144
0
0
42
191
0
0
43
60
0
0
41
4
0
0
41
239
0
0
44
162
0
0
42
193
0
0
42
125
0
0
44
95
0
0
44
184
0
0
42
223
0
0
41
185
0
0
44
233
0
0
43
51
0
0
41
172
0
0
45
243
0
0
43
53
0
0
42
177
0
0
42
123
0
0
41
25
0
0
42
77
0
0
41
96
0
0
44
139
0
0
44
120
0
0
44
177
0
0
44
102
0
0
44
249
0
0
45
209
0
0
43
114
0
0
42
29
0
0
41
29
0
0
42
37
0
0
43
68
0
0
43
98
0
0
42
70
0
0
41
69
0
0
44
33
0
0
44
71
0
0
44
66
0
0
44
50
0
0
44
211
0
0
44
171
0
0
44
237
0
0
45
118
0
0
44
1
0
0
42
149
0
0
45
124
0
0
44
75
0
0
42
17
0
0
45
44
0
0
45
157
0
0
45
136
0
0
45
189
0
0
46
98
0
0
45
64
0
0
46
150
0
0
44
104
0
0
42
161
0
0
43
139
0
0
43
117
0
0
43
14
0
0
43
132
0
0
42
165
0
0
42
117
0
0
42
135
0
0
44
16
0
0
42
188
0
0
42
12
0
0
41
67
0
0
42
35
0
0
43
1
0
0
42
181
0
0
41
241
0
0
43
157
0
0
41
155
0
0
44
95
0
0
43
22
0
0
43
77
0
0
44
25
0
0
42
132
0
0
46
84
0
0
44
149
0
0
45
37
0
0
45
244
0
0
46
37
0
0
46
115
0
0
46
60
0
0
46
115
0
0
46
142
0
0
44
23
0
0
45
30
0
0
44
131
0
0
44
149
0
0
44
163
0
0
44
242
0
0
44
168
0
0
44
141
0
0
43
207
0
0
44
129
0
0
43
76
0
0
44
4
0
0
44
5
0
0
43
78
0
0
43
229
0
0
43
192
0
0
43
129
0
0
43
100
0
0
43
82
0
0
44
67
0
0
43
82
0
0
44
144
0
0
44
9
0
0
44
12
0
0
43
36
0
0
43
31
0
0
42
232
0
0
43
253
0
0
42
194
0
0
43
93
0
0
43
75
0
0
43
222
0
0
43
99
0
0
43
8
0
0
43
48
0
0
43
46
0
0
43
40
0
0
43
58
0
0
43
224
0
0
43
62
0
0
43
53
0
0
42
245
0
0
42
167
0
0
42
153
0
0
44
68
0
0
43
47
0
0
43
61
0
0
43
1
0
0
43
102
0
0
42
216
0
0
43
249
0
0
43
122
0
0
43
189
0
0
42
183
0
0
43
207
0
0
41
229
0
0
41
21
0
0
42
161
0
0
41
114
0
0
41
110
0
0
43
19
0
0
42
246
0
0
42
34
0
0
41
211
0
0
41
85
0
0
41
253
0
0
40
195
0
0
42
214
0
0
43
167
0
0
43
183
0
0
43
86
0
0
41
171
0
0
41
115
0
0
43
43
0
0
42
58
0
0
41
81
0
0
42
61
0
0
44
25
0
0
44
222
0
0
45
210
0
0
45
32
0
0
43
69
0
0
43
34
0
0
42
185
0
0
42
109
0
0
43
216
0
0
43
95
0
0
41
225
0
0
41
48
0
0
43
162
0
0
43
49
0
0
42
245
0
0
41
34
0
0
42
78
0
0
40
173
0
0
42
146
0
0
42
98
0
0
41
25
0
0
43
3
0
0
44
1
0
0
42
220
0
0
42
165
0
0
43
33
0
0
43
11
0
0
43
20
0
0
42
224
0
0
42
235
0
0
42
254
0
0
43
24
0
0
43
0
0
0
42
102
0
0
43
72
0
0
43
20
0
0
42
181
0
0
43
35
0
0
43
106
0
0
42
183
0
0
42
188
0
0
42
207
0
0
42
186
0
0
42
159
0
0
42
130
0
0
42
95
0
0
41
202
0
0
42
126
0
0
42
140
0
0
42
38
0
0
42
65
0
0
42
135
0
0
42
17
0
0
42
116
0
0
42
32
0
0
42
77
0
0
43
123
0
0
42
176
0
0
42
84
0
0
42
110
0
0
42
69
0
0
42
182
0
0
42
156
0
0
42
154
0
0
42
32
0
0
42
156
0
0
42
164
0
0
42
185
0
0
42
61
0
0
42
68
0
0
42
126
0
0
42
114
0
0
42
202
0
0
42
157
0
0
42
167
0
0
42
70
0
0
42
52
0
0
42
122
0
0
42
241
0
0
42
195
0
0
42
159
0
0
42
156
0
0
42
114
0
0
42
210
0
0
42
194
0
0
42
240
0
0
41
137
0
0
43
5
0
0
43
14
0
0
42
144
0
0
42
115
0
0
42
123
0
0
42
199
0
0
41
33
0
0
42
44
0
0
42
246
0
0
43
139
0
0
42
133
0
0
42
235
0
0
41
175
0
0
43
85
0
0
42
19
0
0
43
48
0
0
41
186
0
0
42
83
0
0
42
151
0
0
42
47
0
0
42
165
0
0
41
28
0
0
42
149
0
0
42
43
0
0
42
170
0
0
42
142
0
0
41
166
0
0
43
10
0
0
42
104
0
0
43
103
0
0
43
233
0
0
41
111
0
0
42
150
0
0
43
237
0
0
42
12
0
0
41
205
0
0
42
5
0
0
42
235
0
0
41
173
0
0
41
28
0
0
41
116
0
0
42
46
0
0
42
252
0
0
43
26
0
0
41
96
0
0
41
81
0
0
42
246
0
0
40
243
0
0
41
199
0
0
42
239
0
0
43
25