6.284000
8.698000
8.945000
9.067000
8.954000
9.161000
9.142000
8.492000
9.138000
8.949000
9.266000
9.222000
9.396000
9.175000
9.127000
9.432000
9.294000
9.216000
9.339000
9.563000
9.547000
9.322000
9.453000
9.495000
9.609000
9.769000
9.755000
9.540000
9.477000
9.674000
9.489000
9.577000
9.566000
9.639000
9.756000
9.964000
10.000000
9.854000
9.906000
9.858000
9.935000
10.034000
10.059000
9.841000
9.699000
9.707000
9.671000
9.836000
9.834000
9.740000
9.619000
9.694000
9.665000
9.554000
9.575000
9.680000
9.738000
9.789000
9.852000
9.896000
9.889000
10.042000
9.672000
9.577000
9.596000
9.523000
9.517000
9.525000
9.748000
9.802000
9.919000
9.772000
9.651000
9.772000
9.767000
9.790000
9.840000
9.935000
9.984000
9.713000
9.869000
9.934000
9.964000
10.154000
9.945000
9.869000
9.900000
10.048000
9.904000
9.991000
9.885000
9.860000
9.768000
9.891000
9.897000
9.689000
9.905000
9.999000
9.530000
9.950000
9.798000
9.777000
9.929000
9.865000
10.111000
9.913000
9.830000
10.126000
10.030000
10.189000
9.952000
9.994000
10.004000
9.932000
10.013000
9.910000
10.016000
10.144000
10.188000
10.086000
10.229000
10.245000
10.100000
10.170000
10.161000
10.046000
10.194000
10.101000
10.077000
10.216000
10.231000
10.338000
10.428000
10.390000
10.315000
10.312000
10.169000
10.136000
10.081000
10.187000
10.153000
10.087000
10.113000
10.145000
10.107000
10.026000
9.967000
10.003000
10.024000
10.011000
10.068000
10.123000
10.010000
10.178000
10.137000
10.084000
10.116000
9.840000
10.026000
9.976000
10.223000
10.417000
10.384000
10.108000
10.201000
10.203000
10.174000
10.058000
10.095000
9.990000
10.088000
10.109000
9.950000
10.142000
10.076000
10.069000
10.097000
10.178000
10.114000
10.122000
10.023000
10.123000
10.011000
10.016000
10.079000
10.123000
10.229000
10.414000
10.240000
10.288000
10.264000
10.384000
10.385000
10.322000
10.364000
10.373000
10.465000
10.491000
10.357000
10.321000
10.344000
10.494000
10.347000
10.432000
10.495000
10.495000
10.540000
10.514000
10.686000
10.661000
10.654000
10.521000
10.761000
10.633000
10.608000
10.562000
10.620000
10.505000
10.286000
10.531000
10.503000
10.338000
10.370000
10.457000
10.558000
10.485000
10.334000
10.447000
10.466000
10.419000
10.255000
10.118000
10.199000
10.880000
10.751000
10.553000
10.615000
10.588000
10.525000
10.613000
10.606000
10.660000
10.540000
10.598000
10.589000
10.605000
10.638000
10.699000
10.768000
10.165000
10.096000
10.251000
10.629000
10.649000
10.724000
10.588000
10.716000
10.709000
10.239000
10.045000
10.249000
10.460000
10.401000
10.430000
10.494000
10.497000
10.406000
10.002000
10.100000
10.302000
10.406000
10.515000
10.489000
10.489000
10.414000
10.485000
9.966000
10.018000
10.233000
10.477000
10.535000
10.615000
10.757000
10.650000
10.653000
10.055000
9.831000
10.146000
10.404000
10.371000
10.508000
10.435000
10.421000
10.574000
10.131000
9.823000
10.287000
10.575000
10.449000
10.685000
10.563000
10.625000
10.542000
10.548000
10.530000
10.485000
10.555000
10.511000
10.341000
10.550000
10.632000
10.588000
10.598000
10.659000
10.632000
10.518000
10.592000
10.609000
10.453000
10.565000
10.739000
10.704000
10.757000
10.677000
10.663000
10.565000
10.670000
10.595000
10.602000
10.652000
10.561000
10.635000
10.498000
10.428000
10.410000
10.401000
10.368000
10.439000
10.457000
10.418000
10.500000
10.456000
10.474000
10.413000
10.631000
10.556000
10.502000
10.627000
10.662000
10.554000
10.563000
10.562000
10.506000
10.516000
10.614000
10.520000
10.538000
10.522000
10.574000
10.588000
10.501000
10.504000
10.646000
10.542000
10.585000
10.657000
10.716000
10.660000
10.539000
10.439000
10.634000
10.681000
10.594000
10.598000
10.489000
10.615000
10.600000
10.593000
10.562000
10.657000
10.610000
10.708000
10.644000
10.801000
10.651000
10.637000
10.566000
10.620000
10.632000
10.710000
10.630000
10.668000
10.561000
10.741000
10.695000
10.548000
10.684000
10.581000
10.650000
10.721000
10.641000
10.671000
10.595000
10.623000
10.518000
10.622000
10.526000
10.758000
10.635000
10.704000
10.288000
10.427000
10.492000
10.560000
10.712000
10.798000
10.180000
10.543000
10.441000
10.750000
10.798000
10.930000
10.942000
10.625000
10.952000
10.900000
26.341000
10.889000
10.825000
10.874000
10.897000
10.382000
10.556000
10.630000
10.843000
10.930000
10.920000
10.844000
10.878000
10.867000
10.921000
10.946000
10.860000
10.879000
10.922000
10.943000
10.846000
10.875000
10.883000
11.041000
10.917000
10.981000
10.986000
10.984000
11.016000
10.887000
10.890000
10.968000
11.018000
11.013000
10.887000
10.926000
10.808000
10.826000
10.812000
10.959000
10.965000
10.888000
10.900000
10.875000
10.817000
10.256000
10.283000
10.466000
11.031000
11.031000
11.057000
11.156000
11.036000
10.967000
10.272000
10.447000
10.512000
11.111000
11.015000
11.106000
11.239000
11.153000
11.170000
10.409000
10.302000
10.535000
10.931000
10.840000
10.753000
10.992000
10.986000
11.014000
10.318000
10.453000
10.746000
10.888000
11.003000
10.958000
10.820000
10.932000
10.898000
10.391000
10.399000
10.685000
10.902000
11.015000
10.855000
11.056000
10.953000
11.011000
10.344000
10.527000
10.737000
11.011000
10.932000
11.098000
10.854000
10.880000
10.984000
10.407000
10.348000
10.701000
10.844000
11.029000
10.974000
10.857000
10.983000
10.919000
10.449000
10.362000
10.693000
10.939000
10.920000
10.878000
10.923000
10.880000
10.544000
10.264000
10.051000
10.663000
10.795000
10.697000
10.662000
10.760000
10.711000
10.786000
10.736000
10.765000
10.690000
10.871000
10.667000
10.811000
10.754000
10.743000
10.780000
10.704000
10.799000
10.825000
10.887000
10.731000
10.819000
10.845000
10.865000
10.822000
10.788000
10.802000
11.047000
11.005000
10.888000
11.022000
10.937000
10.912000
11.050000
10.978000
10.991000
11.013000
10.961000
11.041000
11.029000
10.996000
10.904000
11.011000
11.069000
11.022000
10.933000
11.001000
10.951000
11.022000
10.918000
11.007000
10.979000
11.035000
10.381000
10.125000
10.684000
10.978000
11.070000
10.982000
11.073000
11.027000
11.048000
11.057000
10.983000
10.972000
11.139000
11.024000
11.084000
11.066000
11.171000
11.131000
11.099000
11.045000
11.120000
11.119000
11.145000
11.067000
11.030000
11.035000
11.071000
11.030000
10.946000
11.037000
11.061000
10.889000
10.190000
10.500000
11.113000
11.164000
11.227000
11.231000
11.121000
11.261000
11.167000
11.104000
11.076000
10.611000
10.284000
10.612000
11.043000
11.147000
11.075000
10.923000
11.037000
11.025000
11.046000
10.992000
11.222000
11.157000
11.196000
11.128000
11.248000
11.171000
11.104000
11.044000
11.166000
11.058000
10.982000
10.955000
11.015000
11.043000
11.132000
11.028000
11.056000
11.096000
10.991000
11.076000
11.080000
11.072000
11.095000
11.043000
11.062000
11.055000
11.083000
11.039000
11.003000
11.121000
10.949000
10.923000
11.066000
10.668000
11.007000
10.912000
11.024000
11.060000
10.913000
10.981000
11.276000
10.938000
11.143000
11.069000
11.071000
11.037000
10.915000
11.018000
10.966000
10.998000
10.912000
10.960000
10.939000
10.923000
11.123000
11.002000
10.903000
11.005000
11.057000
10.869000
10.907000
10.957000
11.097000
10.971000
11.009000
10.887000
10.883000
10.891000
10.893000
10.875000
10.786000
10.834000
10.890000
10.944000
10.900000
10.852000
10.924000
10.866000
10.605000
10.546000
10.893000
10.829000
11.076000
10.902000
10.934000
11.005000
10.886000
10.974000
10.838000
10.863000
10.914000
10.832000
10.819000
10.911000
10.974000
10.901000
10.760000
