36.246000
34.184000
34.328000
33.821000
4.431000
31.626000
4.397000
4.341000
4.423000
4.390000
31.900000
4.427000
4.390000
4.376000
4.378000
4.360000
4.382000
4.361000
4.349000
4.386000
4.404000
4.382000
4.367000
4.373000
4.372000
4.366000
4.392000
4.396000
4.386000
4.382000
4.377000
4.377000
4.400000
4.406000
4.390000
4.379000
4.390000
4.432000
4.398000
4.383000
4.390000
4.390000
4.389000
4.419000
33.838000
6.520000
6.538000
6.537000
6.538000
6.538000
6.538000
6.282000
6.538000
6.537000
6.538000
6.538000
6.538000
6.538000
6.538000
6.537000
6.573000
6.495000
6.577000
6.452000
6.530000
6.378000
6.335000
6.410000
6.348000
6.327000
6.352000
6.357000
6.318000
6.288000
6.281000
6.285000
6.305000
6.271000
6.274000
6.267000
6.291000
6.300000
6.257000
6.274000
6.270000
6.261000
6.311000
6.299000
6.266000
6.289000
6.273000
6.300000
6.325000
6.359000
6.302000
6.346000
6.319000
6.308000
6.301000
6.273000
6.304000
6.298000
6.262000
6.231000
6.294000
6.284000
6.286000
6.345000
6.326000
6.323000
6.314000
6.336000
6.358000
6.304000
6.338000
6.246000
6.308000
6.331000
6.305000
6.317000
6.290000
6.296000
6.352000
6.343000
6.333000
6.335000
6.345000
6.307000
6.355000
6.329000
6.351000
6.361000
6.268000
6.311000
6.328000
6.312000
6.331000
6.364000
6.315000
6.335000
6.331000
6.271000
6.355000
6.359000
6.337000
6.376000
6.319000
6.370000
6.286000
6.262000
6.285000
6.306000
6.307000
6.303000
6.340000
6.366000
6.286000
6.291000
6.288000
6.306000
38.890000
6.529000
6.479000
6.446000
6.361000
6.420000
6.352000
6.486000
6.434000
6.421000
6.520000
6.585000
6.545000
6.515000
6.435000
6.353000
6.342000
6.397000
6.417000
6.453000
6.482000
6.373000
6.433000
6.429000
6.423000
6.394000
6.374000
6.355000
6.399000
6.401000
6.447000
6.471000
6.417000
6.414000
6.535000
6.491000
6.548000
6.773000
6.600000
6.552000
6.493000
6.437000
6.441000
6.449000
6.481000
6.415000
6.378000
6.398000
6.363000
6.400000
6.383000
6.382000
6.404000
6.357000
6.365000
6.368000
6.345000
6.325000
6.329000
6.353000
6.365000
6.405000
6.287000
6.436000
6.233000
6.425000
6.357000
6.380000
6.347000
6.388000
6.300000
6.408000
6.240000
6.389000
6.357000
6.377000
6.394000
6.424000
6.424000
6.398000
6.381000
6.358000
6.344000
6.359000
6.346000
6.332000
6.360000
6.342000
6.355000
6.347000
6.392000
6.339000
6.338000
6.576000
6.336000
6.320000
6.331000
6.308000
6.358000
6.291000
6.288000
6.300000
6.298000
6.249000
6.267000
6.297000
6.252000
6.251000
6.293000
6.263000
6.224000
6.290000
6.300000
6.294000
6.286000
6.272000
6.268000
6.255000
6.263000
6.248000
6.271000
6.262000
6.257000
5.999000
6.280000
6.212000
6.271000
6.207000
6.237000
6.264000
6.250000
6.268000
6.257000
6.277000
6.275000
6.254000
6.273000
6.265000
6.260000
6.266000
6.285000
6.285000
6.285000
6.313000
6.292000
6.296000
6.276000
6.268000
6.231000
6.263000
6.265000
6.271000
6.293000
6.316000
6.277000
6.285000
6.304000
6.282000
6.286000
6.230000
6.302000
6.123000
6.288000
6.294000
6.261000
6.287000
6.242000
6.253000
6.237000
6.215000
6.227000
6.247000
6.224000
6.246000
6.294000
6.273000
6.253000
6.262000
6.278000
6.268000
6.268000
6.247000
6.292000
6.491000
6.267000
6.260000
6.264000
6.267000
6.238000
6.261000
6.277000
6.262000
6.268000
6.299000
6.279000
6.236000
6.287000
6.227000
6.278000
6.273000
6.525000
6.266000
6.256000
6.270000
6.222000
6.310000
6.238000
6.334000
6.236000
6.339000
6.303000
6.348000
6.269000
6.342000
6.241000
6.316000
6.338000
6.584000
6.320000
6.321000
6.347000
6.264000
6.319000
6.223000
6.339000
6.336000
6.289000
6.295000
6.047000
6.313000
6.274000
6.338000
6.258000
6.284000
6.336000
6.320000
6.316000
6.321000
6.322000
6.303000
6.305000
6.255000
6.320000
6.337000
6.336000
6.288000
6.285000
6.361000
6.307000
6.377000
6.317000
6.156000
6.443000
6.383000
6.357000
6.323000
6.392000
6.297000
6.369000
6.292000
6.446000
21.936000
6.427000
6.413000
6.395000
6.452000
6.337000
6.432000
6.289000
6.398000
6.362000
6.378000
6.374000
6.390000
6.444000
6.344000
6.467000
6.309000
6.421000
6.397000
6.360000
6.435000
6.396000
6.418000
6.402000
6.423000
6.399000
6.413000
6.432000
6.408000
6.388000
6.346000
6.403000
6.369000
6.329000
6.415000
6.288000
6.404000
6.427000
6.411000
6.408000
6.418000
6.408000
6.422000
6.383000
6.379000
6.421000
6.369000
6.352000
6.332000
6.305000
6.315000
6.279000
6.272000
6.285000
6.309000
6.281000
6.308000
6.317000
6.329000
6.322000
6.329000
6.294000
6.324000
6.256000
6.344000
6.347000
6.339000
6.327000
6.293000
6.311000
6.047000
6.310000
6.336000
6.325000
6.316000
6.325000
6.328000
6.334000
6.309000
6.326000
6.263000
6.314000
6.283000
6.319000
6.332000
6.314000
6.315000
6.318000
6.315000
6.299000
6.301000
6.301000
6.302000
6.309000
6.329000
6.349000
6.354000
6.335000
6.322000
6.304000
6.335000
6.256000
6.308000
6.281000
6.275000
6.293000
6.320000
6.310000
6.356000
6.341000
6.291000
6.317000
6.296000
6.335000
6.350000
6.342000
6.356000
6.369000
6.298000
6.318000
6.311000
6.284000
6.292000
6.322000
6.294000
6.321000
6.296000
6.325000
6.320000
6.327000
6.326000
6.355000
6.327000
6.316000
6.319000
6.328000
6.297000
6.308000
6.336000
6.323000
6.350000
6.316000
6.342000
6.312000
6.305000
6.356000
6.325000
6.311000
6.293000
6.327000
6.342000
6.323000
6.343000
6.318000
6.322000
6.352000
6.380000
6.326000
6.344000
6.315000
6.319000
6.322000
6.317000
6.316000
6.348000
6.371000
6.345000
6.323000
6.321000
6.301000
6.305000
6.306000
6.269000
6.552000
6.279000
6.295000
6.281000
6.274000
6.261000
6.244000
6.207000
6.269000
6.273000
6.011000
6.224000
6.254000
6.244000
6.251000
6.266000
6.276000
6.256000
6.270000
6.280000
6.288000
6.245000
6.263000
6.253000
6.276000
6.287000
6.249000
6.283000
6.280000
6.270000
6.250000
6.271000
6.284000
6.266000
6.251000
6.260000
6.203000
6.242000
6.226000
6.273000
6.268000
6.273000
6.256000
6.296000
6.241000
6.298000
6.269000
6.259000
6.286000
6.280000
6.305000
6.269000
6.217000
6.257000
6.217000
6.270000
6.275000
6.273000
6.259000
6.246000
6.273000
6.242000
5.987000
6.246000
6.276000
6.290000
6.238000
6.264000
6.252000
6.249000
6.259000
6.266000
6.226000
6.320000
6.265000
6.526000
6.327000
6.291000
6.294000
6.242000
6.343000
6.236000
6.326000
6.350000
6.310000
6.314000
6.310000
6.271000
6.327000
6.242000
6.303000
6.317000
6.325000
6.323000
6.334000
6.301000
6.318000
6.368000
6.284000
6.341000
6.319000
6.352000
6.336000
6.357000
6.329000
6.352000
6.347000
6.342000
6.302000
6.327000
6.308000
6.294000
6.303000
6.317000
6.322000
6.307000
6.322000
6.355000
6.371000
6.334000
6.321000
6.329000
6.318000
6.322000
6.278000
6.310000
6.291000
6.333000
6.338000
6.333000
6.328000
6.350000
6.341000
6.350000
6.345000
6.344000
6.357000
6.342000
6.333000
6.290000
6.334000
6.322000
6.325000
6.270000
6.294000
6.311000
6.274000
6.316000
6.302000
6.314000
6.277000
6.264000
6.271000
6.251000
6.248000
6.269000
6.274000
6.241000
6.276000
6.247000
6.224000
6.248000
6.243000
6.243000
6.233000
6.297000
6.269000
6.252000
6.287000
6.290000
6.274000
6.266000
6.245000
6.298000
6.281000
6.283000
6.256000
6.275000
6.275000
6.308000
6.268000
6.252000
6.258000
6.280000
6.267000
6.267000
