28.939000
1.713000
1.712000
1.713000
1.713000
1.713000
1.713000
1.676000
1.670000
1.678000
1.709000
1.723000
1.627000
1.677000
1.678000
1.709000
1.723000
1.742000
1.762000
1.713000
1.676000
1.668000
1.654000
1.692000
1.696000
1.696000
1.814000
1.763000
1.713000
1.713000
1.676000
1.668000
1.705000
1.780000
1.745000
1.641000
1.712000
1.745000
1.735000
1.619000
1.596000
1.627000
1.611000
1.590000
1.586000
1.589000
1.623000
1.775000
1.768000
1.715000
1.631000
1.629000
1.680000
1.666000
1.714000
1.642000
1.627000
1.622000
1.605000
1.625000
1.759000
1.648000
1.650000
1.671000
1.675000
1.784000
1.673000
1.678000
1.727000
1.828000
1.828000
1.861000
1.861000
1.861000
1.861000
1.861000
1.861000
1.861000
1.861000
1.861000
1.861000
1.861000
1.861000
1.861000
1.861000
1.861000
1.861000
1.861000
1.861000
1.765000
1.726000
1.706000
1.747000
1.770000
1.828000
1.861000
1.861000
1.796000
1.726000
1.621000
1.614000
1.660000
1.777000
1.770000
1.771000
1.753000
1.701000
1.666000
1.662000
1.705000
1.892000
1.791000
1.785000
1.720000
1.708000
1.668000
1.815000
1.613000
1.681000
1.765000
1.701000
1.904000
1.726000
1.621000
1.614000
1.608000
1.710000
1.603000
1.584000
1.630000
1.692000
1.882000
1.740000
1.408000
1.614000
1.603000
1.684000
1.690000
1.636000
1.669000
1.761000
1.709000
1.881000
1.738000
1.791000
1.866000
1.866000
1.865000
1.866000
1.866000
1.866000
1.554000
1.716000
1.707000
1.653000
1.695000
1.857000
1.704000
1.636000
1.689000
1.657000
1.727000
1.959000
1.866000
1.866000
1.866000
1.810000
1.716000
1.708000
1.653000
1.727000
1.930000
1.716000
1.704000
1.643000
1.737000
1.852000
1.769000
1.801000
1.718000
1.706000
1.662000
1.680000
1.821000
1.759000
1.749000
1.769000
1.801000
1.801000
1.801000
1.801000
1.801000
1.801000
1.801000
1.801000
1.801000
1.801000
1.801000
1.718000
1.694000
1.692000
1.675000
1.683000
1.737000
1.852000
1.700000
1.693000
1.608000
1.609000
1.632000
1.626000
1.632000
1.637000
1.645000
1.596000
1.535000
1.592000
1.410000
1.881000
1.727000
1.693000
1.670000
1.626000
1.595000
1.635000
1.551000
1.582000
1.570000
1.606000
1.675000
1.721000
1.761000
1.671000
1.653000
1.630000
1.665000
1.733000
1.878000
1.726000
1.694000
1.665000
1.736000
1.603000
1.674000
1.894000
1.701000
1.673000
1.605000
1.575000
1.636000
1.643000
1.702000
1.666000
1.646000
1.630000
1.728000
1.692000
1.560000
1.654000
1.552000
1.626000
1.622000
1.603000
1.604000
1.665000
1.686000
1.652000
1.727000
1.959000
1.866000
1.866000
1.866000
1.785000
1.720000
1.714000
1.695000
1.904000
1.752000
1.739000
1.738000
1.791000
1.866000
1.865000
1.866000
1.866000
1.785000
1.726000
1.729000
1.705000
1.804000
1.650000
1.714000
1.681000
1.856000
1.606000
1.527000
1.612000
1.670000
1.609000
1.645000
1.663000
1.710000
1.636000
1.620000
1.645000
1.664000
1.637000
1.662000
1.609000
1.599000
1.692000
1.702000
1.678000
1.657000
1.683000
1.656000
1.714000
1.799000
1.674000
1.636000
1.681000
1.678000
1.636000
1.569000
1.663000
1.659000
1.645000
1.457000
1.713000
1.713000
1.702000
1.658000
1.600000
1.906000
1.633000
1.561000
1.597000
1.598000
1.625000
1.714000
1.604000
1.898000
1.636000
1.690000
1.667000
1.684000
1.701000
1.678000
1.641000
1.644000
1.675000
1.602000
1.625000
1.593000
1.609000
1.697000
1.636000
1.668000
1.589000
1.590000
1.593000
1.626000
1.562000
1.653000
1.611000
1.546000
1.611000
1.608000
1.669000
1.609000
1.650000
1.633000
1.672000
1.628000
1.647000
1.661000
1.775000
1.719000
1.641000
1.673000
1.709000
1.731000
1.714000
1.632000
1.631000
1.620000
1.570000
1.715000
1.893000
1.612000
1.521000
1.583000
1.530000
1.638000
1.625000
1.637000
1.645000
1.637000
1.608000
1.685000
1.645000
1.713000
1.713000
1.713000
1.713000
1.702000
1.671000
1.666000
1.674000
1.700000
1.608000
1.601000
1.591000
1.620000
1.603000
1.618000
1.566000
1.626000
1.710000
1.645000
1.702000
1.718000
1.759000
1.871000
1.893000
1.777000
1.710000
1.887000
1.678000
1.978000
1.553000
1.795000
1.763000
1.707000
1.726000
1.668000
1.618000
1.696000
1.657000
1.629000
1.598000
1.616000
1.580000
1.643000
1.717000
1.695000
1.658000
1.615000
1.643000
1.645000
1.615000
1.664000
1.568000
1.613000
1.747000
1.705000
1.770000
1.724000
1.683000
1.662000
1.659000
1.738000
1.669000
1.577000
1.621000
1.673000
1.703000
1.601000
1.749000
1.783000
1.778000
1.828000
1.790000
1.652000
1.602000
1.588000
1.640000
1.639000
1.719000
1.745000
1.691000
1.665000
1.661000
1.679000
1.603000
1.644000
1.696000
1.727000
1.757000
1.693000
1.704000
1.632000
1.696000
1.645000
1.457000
1.713000
1.713000
1.751000
1.762000
1.726000
1.830000
1.870000
1.752000
1.727000
1.641000
1.646000
1.600000
1.698000
1.710000
1.645000
1.713000
1.751000
1.724000
1.653000
1.641000
1.664000
1.625000
1.710000
1.644000
1.713000
1.713000
1.713000
1.713000
1.713000
1.713000
1.676000
1.671000
1.718000
1.809000
1.795000
1.741000
1.765000
1.710000
1.742000
1.763000
1.713000
1.713000
1.713000
1.713000
1.713000
1.713000
1.713000
1.713000
1.713000
1.713000
1.713000
1.713000
1.713000
1.713000
1.713000
1.713000
1.713000
1.713000
1.713000
1.696000
1.720000
1.681000
1.742000
1.715000
1.636000
1.633000
1.703000
1.696000
1.356000
1.725000
1.683000
1.631000
1.662000
1.579000
1.709000
1.723000
1.742000
1.763000
1.676000
1.668000
1.664000
1.674000
1.740000
1.709000
1.880000
1.765000
1.726000
1.706000
1.678000
1.662000
1.671000
1.656000
1.734000
1.752000
1.727000
1.662000
1.675000
1.621000
1.731000
1.750000
1.633000
1.662000
1.633000
1.567000
1.665000
1.721000
1.633000
1.690000
1.754000
1.440000
1.592000
1.650000
1.662000
1.749000
1.842000
1.797000
2.037000
1.673000
1.624000
1.684000
1.717000
1.695000
1.721000
1.752000
1.835000
1.837000
1.763000
1.763000
1.763000
1.763000
1.707000
1.737000
1.692000
1.635000
1.621000
1.609000
1.644000
1.638000
1.705000
1.795000
1.763000
1.757000
1.820000
1.757000
1.759000
1.685000
1.680000
1.620000
1.618000
1.644000
1.574000
1.594000
1.610000
1.751000
1.756000
1.869000
1.819000
1.819000
1.819000
1.819000
1.819000
1.818000
1.819000
1.819000
1.819000
1.819000
1.819000
1.818000
1.752000
1.727000
1.703000
1.677000
1.616000
1.682000
1.699000
1.692000
1.662000
1.686000
1.677000
1.671000
1.642000
1.610000
1.751000
1.669000
1.696000
1.699000
1.726000
1.756000
1.870000
1.819000
1.819000
1.819000
1.819000
1.819000
1.819000
1.752000
1.711000
1.699000
1.726000
1.669000
1.696000
1.699000
1.726000
1.669000
1.726000
1.703000
1.696000
1.645000
1.751000
1.725000
1.683000
1.699000
1.684000
1.632000
1.718000
1.809000
1.795000
1.763000
1.707000
1.737000
1.692000
1.635000
1.637000
1.633000
1.580000
1.649000
1.636000
1.644000
1.713000
1.713000
1.713000
1.713000
1.713000
1.751000
1.727000
1.688000
1.717000
1.744000
1.660000
1.678000
1.727000
1.828000
1.828000
1.765000
1.732000
1.702000
1.676000
1.669000
1.654000
1.637000
1.638000
1.604000
1.627000
1.659000
1.592000
1.650000
1.643000
1.679000
1.664000
1.670000
1.677000
1.686000
1.661000
1.607000
1.652000
1.669000
1.645000
1.648000
1.625000
1.607000
1.657000
1.651000
1.613000
